ID cc.status snp_1.1 snp_1.2 snp_2.1 snp_2.2 snp_3.1 snp_3.2 snp_4.1 snp_4.2 snp_5.1 snp_5.2 snp_6.1 snp_6.2 snp_7.1 snp_7.2 snp_8.1 snp_8.2 snp_9.1 snp_9.2 snp_10.1 snp_10.2 snp_11.1 snp_11.2 snp_12.1 snp_12.2 snp_13.1 snp_13.2 snp_14.1 snp_14.2 snp_15.1 snp_15.2 snp_16.1 snp_16.2 snp_17.1 snp_17.2 snp_18.1 snp_18.2 snp_19.1 snp_19.2 snp_20.1 snp_20.2 snp_21.1 snp_21.2 snp_22.1 snp_22.2 snp_23.1 snp_23.2
ID_3 1 2 2 1 2 2 2 NA NA 1 2 2 2 2 2 2 2 2 2 2 2 2 1 2 2 2 1 2 1 2 2 1 2 2 2 2 2 2 2 2 2 1 2 2 2 2 2
ID_8 1 2 2 1 2 2 1 NA NA 2 1 1 2 1 2 -9 -9 2 2 2 2 2 2 2 2 2 2 2 2 2 2 2 2 2 2 2 2 2 2 1 2 2 2 2 2 2 1
ID_19 1 2 2 1 1 2 2 2 2 2 1 1 2 2 2 2 2 2 1 2 2 2 2 2 1 1 2 NA NA 2 2 2 2 2 2 2 2 2 2 1 1 2 1 2 2 2 2
ID_25 1 1 2 1 1 1 1 2 2 2 1 2 1 2 1 2 2 2 2 2 2 1 2 2 2 2 2 2 2 2 2 2 2 2 2 2 2 2 2 1 1 2 2 2 1 2 1
ID_31 1 2 1 2 1 2 2 NA NA 2 2 2 2 2 2 -9 -9 2 2 2 2 2 2 NA NA 2 1 2 1 1 1 2 1 2 2 2 2 2 2 2 2 2 2 2 2 2 2
ID_36 1 2 2 1 2 2 2 1 2 1 2 2 2 2 2 2 2 2 2 2 2 2 1 2 1 2 2 1 2 2 1 1 1 2 2 2 2 2 2 2 2 2 2 NA NA 2 1
ID_41 1 2 2 2 2 2 2 1 2 2 2 2 1 2 2 2 2 2 2 2 2 2 2 2 2 2 2 NA NA 2 2 2 1 2 2 2 2 2 1 1 2 2 2 1 2 NA NA
ID_68 1 1 2 2 2 2 2 2 2 1 2 2 2 2 2 2 2 2 2 2 2 2 1 2 2 2 1 1 2 2 2 1 2 2 2 2 2 2 2 1 1 NA NA 2 2 2 2
ID_81 1 2 2 1 1 2 2 NA NA 2 1 2 2 2 2 2 2 2 2 2 2 2 1 2 2 2 1 2 2 1 2 1 2 2 2 2 2 2 2 2 2 2 2 2 2 2 2
ID_84 1 2 2 2 1 2 2 NA NA 1 2 2 2 2 2 2 2 2 2 2 2 2 2 2 2 1 2 2 2 2 2 2 2 2 2 2 2 1 1 2 2 2 2 2 2 2 2
ID_85 1 1 2 1 1 2 2 1 2 1 2 2 1 1 2 2 2 2 1 2 2 2 1 2 2 1 2 2 1 1 1 2 2 2 2 2 1 2 2 2 2 2 1 2 1 2 1
ID_110 1 2 2 1 1 2 2 2 2 1 2 1 2 2 2 2 2 2 2 2 2 1 2 1 2 2 2 2 2 1 2 -9 -9 2 2 2 2 2 1 2 2 1 2 2 2 2 1
ID_132 1 1 2 2 2 2 2 2 2 2 2 2 2 2 2 2 2 2 2 2 2 2 2 2 2 2 2 2 2 1 2 2 1 2 2 2 2 2 2 1 2 2 1 2 1 2 2
ID_147 1 2 2 2 1 2 2 NA NA 2 2 2 2 1 1 1 2 2 2 2 2 2 2 2 1 2 2 NA NA 2 2 1 2 2 2 2 2 2 2 2 2 2 2 1 1 1 1
ID_154 1 2 2 2 2 2 2 2 2 1 2 2 2 2 2 2 2 2 2 2 2 2 2 2 2 2 2 2 2 2 1 2 2 2 1 2 2 2 2 1 1 2 2 1 2 2 1
ID_162 1 1 2 1 2 2 2 NA NA 2 2 2 2 2 2 2 2 2 2 2 2 2 2 2 2 2 2 NA NA 1 1 2 2 2 2 2 2 2 1 2 1 2 1 2 2 2 2
ID_173 1 2 2 2 2 2 2 NA NA 2 1 1 2 2 2 1 2 2 2 2 2 2 2 2 1 2 2 2 2 2 2 1 2 2 2 2 2 2 2 2 2 1 2 2 1 1 2
ID_178 1 2 2 2 1 2 2 1 2 2 1 2 2 2 2 2 2 2 2 2 2 2 2 2 2 2 2 1 2 2 2 2 1 2 2 2 2 2 2 1 2 2 2 2 2 2 1
ID_185 1 2 2 2 1 2 2 NA NA 2 2 2 2 2 2 2 2 2 2 2 2 2 2 2 2 2 2 2 2 1 2 1 2 2 2 2 2 2 2 2 2 1 2 2 2 2 1
ID_188 1 2 1 1 1 2 2 2 2 2 2 2 2 2 2 2 2 2 2 2 2 2 1 1 2 2 2 2 2 2 2 2 2 2 2 2 2 2 2 2 2 2 2 2 1 2 2
ID_203 1 2 1 2 2 2 2 NA NA 1 2 1 2 2 1 1 2 2 2 2 2 2 1 2 2 2 2 1 2 1 2 2 2 2 2 1 1 2 2 1 2 2 1 1 2 2 2
ID_212 1 2 1 1 2 2 2 NA NA 2 2 2 2 2 2 2 2 2 2 2 2 2 2 2 2 2 2 2 1 2 2 2 1 2 2 2 1 2 2 2 2 2 2 1 2 2 2
ID_216 1 2 2 2 1 2 2 2 2 1 2 2 1 1 2 2 2 2 2 2 2 2 2 NA NA 1 2 2 2 1 1 1 2 2 2 2 1 2 2 2 2 1 2 2 2 1 2
ID_218 1 1 2 1 2 2 2 NA NA 1 1 2 2 2 2 2 2 2 2 2 2 1 2 2 2 2 2 2 2 2 2 1 2 2 2 2 2 2 2 1 2 2 2 1 2 2 1
ID_233 1 2 2 1 2 2 2 2 2 2 1 2 2 2 1 2 2 2 2 2 2 2 1 2 2 1 1 1 1 2 2 1 2 2 2 2 2 2 1 1 2 2 2 2 2 NA NA
ID_237 1 2 1 2 1 2 2 2 2 2 2 2 2 2 2 1 1 2 1 2 2 2 2 2 2 1 2 1 2 2 2 2 2 2 2 2 2 2 2 2 2 2 2 2 2 2 1
ID_238 1 2 2 1 2 2 2 2 2 2 1 2 2 1 2 2 1 2 1 2 2 2 2 2 2 2 2 2 2 2 1 2 2 2 2 2 2 2 2 1 2 2 2 1 1 2 2
ID_243 1 2 2 2 1 2 2 2 2 2 2 1 2 1 2 2 2 2 2 2 2 2 1 2 2 2 1 1 2 1 2 2 1 2 2 2 2 2 2 2 2 2 2 2 1 2 1
ID_277 1 2 2 1 1 1 2 2 2 2 1 2 2 2 2 1 2 2 2 2 2 1 2 2 2 2 2 2 1 2 1 2 1 2 2 2 2 2 2 2 1 2 1 2 2 2 2
ID_285 1 2 2 2 2 2 2 2 2 1 2 2 2 2 2 1 2 2 2 2 2 2 1 2 2 1 2 2 2 2 2 1 1 1 2 2 2 1 2 2 1 1 2 1 2 2 2
ID_291 1 2 1 1 1 2 2 2 2 1 2 2 2 2 2 2 2 1 2 2 2 2 1 1 1 2 2 2 2 2 2 1 1 1 2 2 2 2 2 2 1 2 1 2 2 2 2
ID_332 1 2 1 1 1 2 2 1 2 1 2 2 2 2 2 1 2 2 2 2 2 2 2 2 2 2 2 2 2 2 2 1 1 2 1 1 2 2 2 2 2 1 2 2 2 2 2
ID_337 1 1 2 2 2 2 2 2 2 2 2 2 2 2 2 2 2 2 2 2 2 2 2 2 2 1 2 2 2 2 2 2 2 2 2 2 2 2 2 2 2 2 2 2 2 2 2
ID_344 1 2 2 1 1 2 1 NA NA 1 1 2 2 2 2 2 2 2 2 2 2 2 2 2 2 2 2 2 2 2 2 2 1 2 1 2 2 2 2 1 1 2 1 2 2 1 2
ID_350 1 2 2 1 1 2 2 NA NA 2 1 2 2 2 2 2 2 2 2 2 2 1 2 1 2 2 2 1 2 2 2 -9 -9 2 2 2 2 2 2 1 2 2 2 1 2 2 2
ID_351 1 2 2 1 1 2 2 2 2 1 2 2 2 2 2 2 2 2 2 2 2 2 2 2 2 2 2 NA NA 2 2 2 2 2 2 2 2 2 1 2 2 1 1 2 2 1 2
ID_357 1 2 2 1 2 2 2 NA NA 2 1 1 2 1 2 2 2 1 2 2 2 2 2 2 1 2 2 2 2 2 2 2 2 2 2 2 2 2 2 2 2 2 2 2 2 2 2
ID_361 1 2 2 1 1 2 2 2 1 2 2 1 1 2 2 2 2 2 2 2 2 2 2 2 2 2 2 2 1 2 1 1 1 2 2 2 2 2 2 2 2 2 2 2 2 2 2
ID_376 1 2 2 2 1 2 2 2 2 1 1 2 2 2 2 2 1 2 2 2 2 2 1 2 2 2 2 2 1 2 2 2 1 2 2 2 2 2 2 2 1 2 2 NA NA NA NA
ID_386 1 2 2 2 2 2 2 2 2 2 2 1 2 2 1 1 1 2 2 2 2 2 2 2 2 1 2 1 1 2 2 2 1 2 2 2 1 1 2 1 2 1 2 2 2 2 2
ID_400 1 2 2 2 1 2 2 1 2 2 2 2 2 2 2 2 2 2 2 2 2 2 2 NA NA 1 2 2 2 1 1 2 1 2 2 2 2 2 2 1 1 2 2 2 2 2 2
ID_409 1 2 2 1 2 2 2 1 2 2 1 1 2 2 2 2 2 2 2 2 2 2 2 2 1 2 2 2 2 2 2 2 2 2 2 1 2 2 2 2 1 1 2 2 2 2 2
ID_412 1 2 2 1 2 2 1 NA NA 1 1 2 2 2 2 2 2 2 2 2 2 2 2 2 2 1 1 1 2 1 2 2 2 2 2 2 2 2 2 1 2 2 2 2 1 2 2
ID_415 1 2 2 1 1 2 2 NA NA 2 2 2 2 2 2 2 2 2 2 2 2 2 2 2 2 2 2 2 2 2 2 2 2 2 2 2 2 2 2 2 1 1 2 2 2 1 1
ID_419 1 2 2 1 2 1 2 2 2 2 2 2 2 2 2 2 1 2 2 2 2 1 1 2 2 1 2 2 2 2 2 -9 -9 2 2 1 2 1 2 2 1 1 2 2 2 2 2
ID_452 1 2 2 2 1 2 2 2 2 2 2 2 1 2 1 2 1 2 2 2 2 2 2 2 2 1 2 1 2 2 2 1 2 2 2 2 2 2 2 1 2 2 2 2 2 2 2
ID_464 1 2 2 2 1 2 2 2 2 2 1 1 2 2 2 2 2 2 2 2 2 2 2 2 2 1 2 2 2 2 2 2 2 2 2 2 2 2 2 1 2 2 2 1 2 2 2
ID_494 1 2 2 2 1 2 2 1 2 2 1 2 2 2 2 2 2 2 2 2 2 2 1 2 2 2 2 2 2 2 1 1 2 2 2 2 2 2 2 1 1 2 2 1 2 1 1
ID_502 1 2 2 1 1 2 2 NA NA 1 2 2 1 2 2 2 1 2 2 2 2 2 2 2 2 1 1 1 2 1 2 1 2 2 2 2 2 2 2 2 2 2 2 2 2 NA NA
ID_512 1 2 2 2 1 2 2 2 2 2 2 2 1 2 2 1 2 2 2 2 2 2 1 2 2 1 2 2 2 1 2 2 2 2 2 2 2 2 2 2 1 2 1 2 1 2 1
ID_526 1 2 2 1 2 2 2 2 2 2 2 2 2 2 2 2 2 2 2 2 2 1 1 2 2 2 2 1 2 2 2 2 2 2 2 2 1 2 2 1 1 1 2 2 2 1 2
ID_528 1 2 2 1 2 2 1 2 2 2 1 2 2 2 2 2 2 2 2 2 2 2 2 2 2 1 2 2 2 2 1 2 2 2 2 2 2 2 2 2 2 2 1 2 2 2 2
ID_535 1 2 2 1 1 2 1 2 2 2 2 1 1 2 2 2 2 1 2 2 2 1 1 2 2 2 2 1 2 2 2 2 1 2 2 2 2 2 2 1 2 1 2 2 2 2 2
ID_550 1 2 2 2 2 2 2 2 2 2 1 2 1 2 2 2 2 2 1 2 2 2 2 1 2 2 2 2 2 2 2 2 2 2 2 2 2 2 2 2 2 NA NA 2 2 2 2
ID_553 1 2 2 1 1 2 2 1 2 2 2 2 2 2 2 2 2 2 2 2 2 2 2 2 2 1 2 NA NA 2 1 2 1 2 2 2 2 2 2 2 2 2 2 1 2 2 2
ID_567 1 2 2 2 1 2 2 NA NA 2 2 2 2 2 2 2 2 1 2 2 2 2 2 2 2 2 2 2 2 2 2 2 2 1 2 2 2 2 2 2 1 1 2 2 1 1 2
ID_570 1 2 2 1 1 2 1 NA NA 1 2 2 2 2 2 2 2 2 2 2 2 2 2 2 1 2 2 2 2 2 2 2 2 2 2 2 2 2 2 2 2 2 1 2 2 2 2
ID_572 1 2 2 2 1 2 2 NA NA 2 2 2 2 2 2 1 2 2 2 2 2 2 2 2 2 2 2 NA NA 2 1 2 2 2 2 2 2 2 2 2 2 2 2 2 2 2 2
ID_576 1 1 2 1 2 2 2 NA NA 2 2 1 2 2 2 2 2 2 2 2 2 2 2 1 1 1 2 2 1 2 2 1 2 2 2 2 2 2 2 2 1 2 2 2 2 2 2
ID_582 1 2 2 2 1 2 1 2 2 2 2 2 2 2 2 2 2 2 2 2 2 2 2 2 2 2 2 2 2 2 2 2 1 2 2 2 1 2 2 1 1 2 2 2 2 2 2
ID_590 1 1 2 2 2 2 2 2 1 2 2 2 2 2 1 2 2 2 2 2 2 2 2 2 2 1 2 2 1 2 2 2 1 2 2 2 2 2 2 2 1 2 2 2 1 2 1
ID_601 1 2 2 2 2 2 2 2 2 2 2 2 2 2 2 1 2 2 2 2 2 2 2 2 2 1 2 2 1 2 2 2 2 2 2 2 2 2 2 2 1 2 2 2 2 2 1
ID_603 1 2 2 1 1 2 2 NA NA 1 2 2 1 2 2 2 2 2 2 2 2 1 1 2 2 2 2 2 1 2 2 2 2 2 1 2 1 2 2 2 1 1 2 2 2 2 2
ID_613 1 2 2 1 2 2 2 NA NA 2 2 2 2 2 2 2 1 2 2 2 2 2 2 2 1 2 2 1 1 2 2 1 1 2 2 2 2 2 2 2 1 2 2 2 2 2 2
ID_623 1 2 2 1 2 2 2 NA NA 2 2 2 2 2 2 2 2 2 2 2 2 2 2 2 1 2 2 1 2 2 1 2 1 2 2 2 2 1 2 1 1 2 2 1 2 2 2
ID_624 1 2 2 1 2 2 2 NA NA 2 2 1 2 2 2 2 2 2 2 2 2 1 2 2 1 2 2 2 2 2 2 2 2 2 2 2 2 2 1 2 2 2 2 2 2 2 1
ID_629 1 2 2 2 2 2 2 NA NA 2 1 1 1 2 2 2 1 2 2 2 2 1 2 2 2 1 1 2 2 2 2 2 2 2 2 2 2 2 2 2 2 2 2 2 2 2 2
ID_633 1 2 2 2 1 2 2 2 1 1 2 2 1 2 2 1 2 2 2 2 2 1 2 1 2 2 2 NA NA 2 1 1 2 2 2 2 2 2 2 1 2 NA NA 2 2 2 1
ID_641 1 2 2 1 2 2 2 2 2 2 2 1 2 2 1 2 2 2 2 2 2 2 2 2 2 2 2 2 2 2 2 2 1 2 2 2 2 2 2 1 1 2 2 2 1 2 2
ID_646 1 2 2 2 1 2 2 NA NA 1 2 2 2 2 2 2 1 2 2 2 2 2 2 2 2 2 2 NA NA 2 2 2 2 2 2 2 2 2 2 2 2 2 2 2 1 2 2
ID_659 1 2 2 1 1 2 2 2 1 2 1 2 2 1 2 2 2 2 2 2 2 2 2 1 1 2 2 1 2 2 2 1 2 2 2 2 2 2 2 2 2 1 2 2 2 2 2
ID_662 1 2 2 2 2 2 2 NA NA 2 2 2 2 1 2 2 2 2 2 2 2 1 2 2 2 2 2 2 2 2 2 2 2 2 2 2 2 2 2 1 2 2 2 1 2 NA NA
ID_670 1 1 2 1 2 2 2 2 2 2 2 2 1 2 2 2 2 2 2 2 2 2 2 2 2 2 2 2 1 1 2 1 1 2 2 2 2 2 2 1 2 NA NA 2 1 2 1
ID_679 1 2 2 2 2 2 2 2 2 2 2 2 2 2 2 2 2 2 2 2 2 2 2 2 2 2 2 2 2 2 2 2 1 2 2 1 2 2 2 2 2 1 2 2 2 2 2
ID_682 1 2 2 1 2 2 2 2 2 1 2 2 2 2 2 2 1 2 2 2 2 2 2 2 2 2 1 2 2 2 2 2 1 2 2 2 2 1 2 2 2 1 2 2 1 2 1
ID_705 1 2 2 1 2 2 2 2 2 1 2 2 2 2 2 2 2 2 2 2 2 2 2 2 2 1 1 NA NA 2 1 1 1 2 2 2 2 2 1 1 1 2 2 NA NA 2 2
ID_710 1 2 2 2 1 1 2 2 2 2 1 2 2 2 2 2 1 2 2 2 2 2 2 2 2 2 2 NA NA 2 2 2 1 2 1 2 2 2 2 2 1 1 2 1 2 2 1
ID_723 1 2 2 2 2 2 2 2 2 1 1 2 2 2 2 2 2 2 2 2 2 2 1 2 2 2 2 2 2 2 1 2 2 2 2 2 2 2 2 2 2 2 2 2 2 1 2
ID_724 1 2 2 1 1 2 2 NA NA 1 2 2 1 2 2 -9 -9 2 2 2 2 2 2 1 2 2 2 2 1 2 2 2 2 2 2 2 1 2 2 2 1 1 2 2 1 2 2
ID_728 1 2 2 1 2 2 2 2 2 2 1 2 2 1 2 1 2 2 2 2 2 2 1 2 1 1 2 2 2 1 1 2 2 2 2 2 2 2 2 2 1 2 2 2 2 2 2
ID_729 1 2 2 2 1 2 2 2 1 1 1 2 2 2 2 1 2 1 2 2 2 2 1 2 1 2 2 2 2 2 1 1 2 2 2 1 1 2 2 1 1 2 2 2 2 2 2
ID_736 1 2 1 2 2 2 2 2 2 2 2 2 2 2 1 -9 -9 2 2 2 2 2 2 2 2 2 2 1 2 2 2 1 2 2 2 2 2 2 2 1 2 2 2 2 2 2 1
ID_760 1 2 2 2 2 2 2 2 1 2 2 1 2 1 2 2 2 2 2 2 2 2 2 2 2 2 2 2 2 2 1 2 2 2 2 2 2 2 2 2 2 2 2 2 2 2 2
ID_763 1 2 2 1 1 2 2 2 2 2 1 1 2 1 2 1 2 2 2 2 1 2 2 1 2 2 2 NA NA 1 1 1 2 2 2 2 2 2 2 2 1 1 2 2 2 2 2
ID_781 1 2 2 1 1 2 2 2 1 2 2 2 2 2 2 2 2 2 2 2 2 2 2 2 2 2 2 NA NA 2 1 1 2 2 2 2 2 2 2 1 1 2 1 1 2 2 2
ID_795 1 2 2 2 1 2 2 2 2 2 2 1 2 2 2 NA NA 2 2 2 2 2 2 2 2 2 2 2 2 2 2 1 2 2 2 1 2 1 2 2 2 2 1 2 2 2 2
ID_806 1 1 2 1 2 2 2 NA NA 2 2 2 1 1 2 2 2 2 2 2 2 2 2 2 2 1 1 2 1 2 1 2 2 2 2 2 1 2 2 1 2 2 2 2 2 2 2
ID_807 1 1 2 1 2 2 2 2 2 2 1 2 2 2 1 2 2 2 2 2 2 2 2 2 2 2 1 2 2 2 2 2 1 2 2 2 2 1 2 1 2 NA NA 2 1 1 2
ID_849 1 1 2 1 2 2 2 NA NA 2 2 2 2 2 2 2 2 2 2 2 2 2 2 2 1 2 2 NA NA 2 2 2 1 2 2 2 2 1 2 2 2 2 2 2 2 2 2
ID_860 1 2 2 1 1 2 2 2 2 2 2 2 2 1 2 2 2 2 2 2 2 2 2 2 2 2 2 1 2 2 2 2 2 2 2 1 1 1 2 2 1 2 1 2 2 1 1
ID_861 1 2 2 1 1 2 2 2 2 2 2 2 2 2 1 2 2 2 2 2 2 2 1 2 1 1 2 2 1 2 2 2 2 2 2 2 2 2 2 2 2 NA NA 1 2 2 2
ID_864 1 2 2 2 1 2 2 2 2 2 1 2 2 1 2 2 1 2 2 2 2 2 2 2 2 2 2 2 2 2 1 2 2 2 2 2 2 2 2 2 2 2 2 2 2 NA NA
ID_866 1 2 2 1 1 2 2 NA NA 1 2 2 2 2 2 2 2 2 2 2 2 2 2 2 2 2 2 1 2 2 2 2 1 2 2 2 2 2 2 2 2 2 1 1 2 2 1
ID_868 1 1 2 2 2 2 2 NA NA 2 2 2 2 2 2 2 2 2 2 2 2 1 2 2 1 1 2 NA NA 2 2 2 2 1 2 2 2 2 2 2 1 1 2 2 2 2 1
ID_873 1 2 2 2 1 2 2 NA NA 2 2 2 1 2 1 -9 -9 2 2 2 2 2 2 2 2 2 2 2 2 1 2 2 2 2 2 2 2 2 2 2 1 2 2 2 2 2 2
ID_877 1 2 2 1 1 2 2 2 2 2 2 2 2 2 2 2 2 2 2 2 2 2 2 2 2 2 2 2 2 2 1 2 2 2 2 2 2 2 2 2 1 2 2 2 1 2 2
ID_878 1 2 2 2 1 2 2 NA NA 2 2 2 2 1 2 1 2 2 2 2 2 2 2 2 2 2 2 2 1 2 2 1 2 2 2 2 2 2 2 2 1 2 2 1 1 2 1
ID_883 1 2 2 1 1 2 2 NA NA 2 2 2 2 2 1 2 2 2 2 2 2 1 2 1 1 2 2 NA NA 2 1 1 2 2 2 2 2 1 1 2 2 2 2 2 2 2 1
ID_886 1 2 2 1 1 2 1 1 2 2 2 2 2 2 2 1 2 2 2 2 2 2 2 2 2 1 2 2 2 1 2 2 2 2 2 2 2 2 2 1 2 1 2 2 2 2 2
ID_905 1 2 2 2 2 2 2 NA NA 2 1 1 1 2 2 2 2 2 2 2 2 1 1 2 2 2 2 2 2 2 1 2 2 2 2 1 2 2 2 2 2 NA NA 2 2 1 1
ID_926 1 2 2 2 1 2 2 2 2 2 2 2 2 2 2 NA NA 2 2 2 2 2 2 2 1 2 2 2 2 2 2 2 1 2 2 2 2 2 2 2 2 2 1 2 2 2 1
ID_941 1 2 2 1 1 2 2 NA NA 1 2 2 2 2 2 2 2 2 2 2 2 1 2 2 2 2 2 2 2 2 2 2 2 2 2 2 1 2 2 2 1 2 2 2 2 2 2
ID_963 1 2 2 1 1 2 2 NA NA 2 2 1 2 1 2 2 2 2 1 2 2 2 2 2 2 2 2 2 2 1 2 1 2 2 2 2 2 2 2 1 2 2 2 2 2 2 1
ID_967 1 1 2 2 2 2 2 1 2 2 2 2 1 2 2 2 1 2 2 2 2 1 2 2 2 2 1 1 2 2 2 1 2 2 2 2 2 2 1 2 2 2 2 2 2 2 2
ID_972 1 2 2 1 1 2 2 1 2 2 2 2 2 2 1 2 2 2 2 2 2 2 2 1 2 2 2 2 2 1 2 1 1 2 2 2 2 2 2 2 2 2 1 2 2 2 2
ID_984 1 1 2 1 2 2 2 2 2 2 2 2 2 2 2 2 1 2 2 1 2 2 2 2 2 2 1 2 1 2 2 1 1 2 2 2 2 2 2 2 2 2 2 2 2 2 2
ID_1000 1 2 1 1 2 2 2 2 2 2 2 1 2 1 2 1 2 2 2 2 2 1 2 2 2 2 2 2 2 2 2 2 2 2 2 1 2 2 1 1 1 2 2 2 1 2 2
ID_1021 1 2 2 2 1 2 2 1 2 2 2 2 2 2 2 2 2 2 2 2 2 2 2 2 1 2 2 2 2 2 1 1 2 2 2 2 2 1 2 2 2 1 1 2 1 2 2
ID_1024 1 2 2 1 2 2 2 2 2 2 2 2 2 1 2 1 2 2 2 2 2 2 2 2 2 1 2 1 2 1 2 2 1 2 2 2 2 2 2 2 2 2 2 2 2 2 2
ID_1027 1 2 2 2 1 2 2 NA NA 2 1 1 2 2 1 2 2 2 2 2 2 2 2 2 2 2 1 NA NA 2 2 2 2 2 2 1 2 2 2 2 1 2 2 2 1 2 2
ID_1028 1 2 1 1 2 2 2 NA NA 1 2 1 2 2 2 2 1 1 2 2 2 2 1 2 1 1 2 2 1 2 2 1 2 2 2 2 2 2 2 2 2 1 1 2 2 2 2
ID_1032 1 2 2 1 2 2 2 NA NA 1 2 2 2 2 2 2 2 2 2 2 2 2 2 2 2 2 2 2 2 2 2 2 1 2 2 2 2 2 2 1 2 1 2 2 2 2 1
ID_1040 1 2 2 1 1 2 2 NA NA 1 1 2 2 2 2 2 2 1 2 2 2 2 2 2 1 2 2 2 2 2 2 1 2 2 2 2 2 2 2 2 2 1 2 2 2 2 2
ID_1053 1 1 2 1 1 1 2 NA NA 2 1 2 2 2 2 1 2 2 2 1 2 2 2 2 2 2 2 2 2 2 2 2 2 2 2 2 2 2 2 2 1 2 1 2 2 2 2
ID_1066 1 1 2 2 1 2 2 2 2 2 1 2 2 2 2 2 2 2 2 2 2 2 2 1 1 1 2 2 1 2 1 1 1 2 2 2 2 1 2 2 1 2 2 2 2 NA NA
ID_1080 1 2 2 1 2 2 2 2 1 2 2 1 1 2 2 2 1 2 2 2 2 2 1 2 2 2 2 1 2 2 1 1 1 2 2 2 2 2 2 2 2 2 2 2 2 2 2
ID_1084 1 2 2 2 1 2 2 NA NA 2 1 2 2 1 2 2 2 2 1 2 2 2 1 2 2 2 2 1 2 2 2 1 1 2 2 2 2 2 2 1 1 2 2 1 2 2 2
ID_1109 1 2 1 2 1 2 2 NA NA 1 2 2 1 1 2 2 2 2 2 2 2 1 2 1 2 2 2 1 2 2 2 2 2 2 2 2 2 2 2 2 2 2 2 2 1 1 2
ID_1110 1 2 2 1 1 1 2 2 2 2 2 1 2 2 2 2 1 2 2 2 2 1 2 2 2 2 1 2 1 2 2 1 2 2 2 2 1 2 2 2 2 1 2 1 2 2 2
ID_1111 1 2 2 1 2 2 2 NA NA 2 1 2 2 2 1 1 2 2 2 2 2 2 2 2 2 2 1 2 2 2 2 2 2 2 2 2 2 2 1 2 2 1 2 2 2 2 2
ID_1112 1 2 2 2 1 2 2 NA NA 2 2 1 2 2 2 2 2 2 2 2 2 2 2 1 2 2 2 1 2 2 2 2 1 2 2 1 2 2 2 2 1 2 2 2 2 2 1
ID_1133 1 2 2 1 2 2 2 NA NA 2 2 2 2 2 1 2 1 2 2 2 2 2 2 2 2 2 2 2 2 2 2 1 2 2 2 2 2 2 2 1 1 2 2 NA NA 2 2
ID_1151 1 2 2 1 2 2 2 2 2 2 2 2 2 2 2 1 1 2 2 2 2 2 2 2 2 2 2 1 2 2 2 2 2 2 2 2 2 2 2 1 2 1 2 2 2 2 2
ID_1184 1 2 2 1 1 2 2 2 2 2 1 2 2 2 2 1 2 2 2 2 2 2 2 NA NA 2 2 2 2 2 2 2 1 2 1 2 2 2 2 1 2 1 1 1 1 2 1
ID_1218 1 2 2 2 2 2 1 2 2 1 2 2 2 1 2 2 2 2 2 2 2 2 2 2 2 1 2 2 2 2 2 1 1 2 2 2 2 2 1 1 1 1 2 1 2 2 2
ID_1227 1 1 2 2 1 2 2 2 1 2 2 2 2 2 2 1 2 2 2 2 2 2 2 2 1 2 1 NA NA 2 2 2 2 2 2 1 2 2 1 1 1 2 2 2 2 2 1
ID_1238 1 2 2 1 1 2 2 2 2 2 2 2 2 2 2 2 2 2 2 2 2 2 2 2 2 2 2 2 2 2 2 2 1 2 2 2 2 2 2 1 2 2 2 1 2 2 1
ID_1242 1 2 2 1 2 2 2 1 2 2 2 2 2 2 1 2 2 2 2 2 2 1 2 2 2 1 2 2 2 2 2 2 1 2 2 2 2 2 2 2 2 1 2 2 1 2 2
ID_1249 1 2 2 1 1 2 2 2 2 1 2 2 1 2 2 2 2 2 2 2 2 2 2 2 2 2 2 2 2 2 2 2 1 2 2 2 2 2 2 2 2 2 2 2 2 2 2
ID_1274 1 1 2 1 2 2 2 1 2 2 2 2 1 2 1 1 2 2 2 2 2 2 2 1 2 2 2 1 1 1 2 1 1 2 2 2 2 2 2 2 1 1 1 2 2 2 2
ID_1276 1 2 2 1 1 2 2 2 2 1 2 2 2 2 2 NA NA 2 2 2 2 2 2 2 2 2 2 2 2 1 2 1 2 2 2 2 2 2 2 1 2 NA NA 2 2 NA NA
ID_1280 1 2 1 1 1 2 2 1 2 1 2 2 2 2 2 NA NA 2 2 2 2 2 2 2 2 2 1 2 2 2 2 2 1 2 2 2 2 2 2 2 1 2 2 1 2 1 2
ID_1284 1 2 1 2 1 2 2 NA NA 1 1 2 2 2 2 2 2 2 1 2 2 1 2 2 1 1 2 1 2 1 2 2 2 2 2 2 2 2 2 2 2 1 1 1 2 2 2
ID_1288 1 2 2 1 1 2 2 NA NA 2 2 1 2 1 2 2 2 2 2 2 2 2 2 NA NA 2 2 2 1 2 2 2 2 2 2 2 2 1 2 2 2 2 2 2 1 1 2
ID_1336 1 2 2 2 1 2 2 NA NA 2 2 1 2 2 2 2 1 2 2 2 2 2 2 1 2 2 2 1 2 2 2 1 2 2 2 2 2 2 2 2 2 1 2 2 1 2 1
ID_1343 1 1 2 1 2 2 2 1 2 1 2 2 2 2 2 2 2 2 2 2 2 2 2 1 2 2 2 2 2 2 2 2 1 2 2 2 2 2 2 2 1 2 2 2 1 2 2
ID_1365 1 2 2 2 2 2 2 NA NA 2 2 2 2 1 1 1 1 2 2 2 2 2 2 1 2 2 1 2 2 2 1 1 2 2 2 2 2 2 2 2 2 2 2 NA NA 2 2
ID_1369 1 2 2 1 1 2 2 2 2 2 2 2 2 2 2 2 2 2 2 2 2 2 2 1 1 2 2 2 1 2 1 1 2 2 2 2 2 2 2 2 2 2 1 2 2 2 1
ID_1370 1 2 2 2 1 2 2 1 2 2 2 1 2 2 2 2 2 2 2 2 2 2 2 2 2 1 2 2 2 1 1 -9 -9 2 2 2 2 2 2 2 2 1 2 2 2 1 1
ID_1372 1 2 2 1 2 2 2 2 2 2 2 2 2 1 2 2 2 2 2 2 2 2 2 1 2 2 2 2 2 1 2 2 1 2 2 2 2 2 2 2 2 2 2 2 2 2 1
ID_1381 1 2 2 2 1 2 2 1 2 2 2 2 1 2 2 2 2 2 2 2 2 2 2 2 2 2 2 2 2 2 2 1 2 2 2 2 2 2 1 2 2 2 1 1 2 2 2
ID_1388 1 2 2 1 1 2 2 1 1 1 2 2 2 2 2 NA NA 2 2 2 2 1 2 2 2 1 2 2 2 2 2 2 1 2 2 2 2 2 1 2 2 NA NA 1 2 2 2
ID_1396 1 2 2 1 2 2 2 2 2 2 2 2 2 1 2 2 1 2 2 2 2 2 2 2 1 2 2 2 2 1 2 1 2 2 2 2 2 2 2 1 2 NA NA 1 2 1 1
ID_1400 1 2 2 1 1 2 2 2 2 2 2 1 2 2 2 2 2 2 2 2 2 2 2 2 2 2 2 NA NA 2 2 2 1 2 2 2 2 2 2 1 2 1 2 2 2 2 2
ID_1401 1 2 2 1 2 1 2 2 2 2 1 2 2 2 2 2 2 1 2 2 2 2 1 2 2 2 2 2 2 2 1 2 2 2 2 2 2 2 2 2 2 2 2 2 1 2 2
ID_1412 1 2 2 2 1 2 2 NA NA 1 2 2 2 2 2 2 2 2 2 2 2 2 2 2 2 1 1 2 2 1 1 2 2 2 2 1 1 1 2 1 2 2 2 2 2 2 2
ID_1419 1 2 2 2 1 2 2 2 2 1 2 2 2 2 2 2 2 2 2 1 2 2 1 2 2 2 2 2 2 1 2 2 2 2 2 2 2 2 2 1 2 2 2 2 2 2 2
ID_1424 1 2 2 1 1 2 2 NA NA 1 2 1 2 2 2 2 2 2 2 2 2 2 2 2 1 2 2 2 2 2 1 1 2 1 2 2 2 2 2 1 2 1 1 2 2 2 1
ID_1425 1 2 2 1 1 2 2 NA NA 2 1 1 2 1 2 2 2 2 2 2 2 2 2 1 2 2 2 1 2 2 1 2 2 2 2 2 2 2 2 1 2 2 2 1 1 2 1
ID_1437 1 2 2 1 2 2 2 2 2 1 2 2 2 2 2 2 2 2 2 2 2 2 2 2 2 2 2 2 2 2 2 1 2 2 2 2 2 2 2 2 2 2 2 NA NA 1 2
ID_1441 1 2 2 1 2 2 2 2 1 1 2 2 1 2 1 NA NA 2 2 2 2 1 2 2 2 2 1 2 2 2 2 2 1 2 2 2 2 2 2 2 2 2 2 2 2 2 2
ID_1447 1 2 2 2 2 2 2 NA NA 2 2 2 2 2 2 1 1 2 2 2 2 1 1 2 2 2 2 2 1 2 2 2 1 2 2 2 2 2 2 2 2 2 2 1 1 2 2
ID_1463 1 2 2 1 2 2 2 NA NA 2 1 2 2 2 2 1 2 2 2 2 2 2 2 2 2 1 1 2 2 2 2 1 2 2 2 2 2 2 2 2 1 2 1 2 2 NA NA
ID_1471 1 2 2 2 1 2 2 NA NA 1 2 2 2 2 2 2 2 2 2 2 2 2 2 2 2 2 2 2 1 2 2 1 2 2 2 1 2 2 2 1 2 2 1 2 2 2 1
ID_1486 1 2 2 1 2 2 2 2 2 1 2 2 2 2 2 2 2 2 2 2 2 2 2 2 2 2 2 2 2 2 2 2 2 2 2 2 2 2 2 1 2 2 2 2 1 2 1
ID_1496 1 2 2 2 1 1 2 NA NA 2 2 2 1 2 2 1 2 2 2 2 2 2 2 1 2 2 2 2 2 1 2 1 2 2 2 2 2 2 2 2 2 2 2 2 2 1 2
ID_1520 1 2 2 2 2 2 2 NA NA 2 1 2 2 2 2 NA NA 2 2 2 2 2 2 2 2 2 2 2 2 2 2 2 1 2 2 2 2 2 2 1 2 2 2 2 2 2 2
ID_1522 1 2 2 2 2 2 2 2 2 2 2 2 2 2 2 2 2 2 2 2 2 2 1 2 1 2 1 2 2 2 2 1 2 2 2 2 2 2 2 2 1 2 2 1 2 2 2
ID_1523 1 2 2 1 1 2 2 2 1 2 2 2 2 2 1 1 2 2 2 2 2 2 1 1 1 2 2 2 2 2 2 1 2 2 2 2 2 2 2 2 2 2 2 2 2 2 2
ID_1524 1 2 2 2 2 2 2 2 2 1 2 1 1 2 1 2 2 2 2 2 2 2 2 2 2 2 2 2 2 2 2 2 2 2 1 2 1 2 1 2 1 2 2 NA NA 2 1
ID_1541 1 2 2 1 1 2 2 2 2 2 2 2 2 2 2 2 1 2 2 2 2 2 2 1 2 2 2 2 2 2 1 2 1 2 2 2 2 2 2 2 2 2 2 2 1 2 2
ID_1568 1 2 2 1 2 2 2 2 2 1 1 2 2 2 2 2 2 2 1 2 2 2 2 NA NA 2 2 2 2 2 2 1 1 2 2 2 2 2 2 2 2 2 1 1 2 2 2
ID_1569 1 2 2 1 1 2 2 2 2 1 1 2 1 1 1 1 2 2 2 2 2 2 1 2 2 1 2 2 2 1 2 1 1 2 2 2 2 2 2 1 1 2 2 1 2 2 2
ID_1599 1 2 2 1 1 2 2 2 2 2 2 2 2 2 2 2 2 2 2 2 2 2 2 2 1 2 2 2 2 2 2 2 2 2 2 2 2 2 2 2 2 2 2 1 2 2 1
ID_1616 1 2 2 1 1 2 2 NA NA 1 2 2 2 2 2 2 2 2 2 2 2 2 2 1 2 2 1 1 2 1 2 2 2 1 2 1 2 2 2 2 2 NA NA 1 1 NA NA
ID_1638 1 2 2 1 2 2 2 NA NA 2 2 1 2 1 2 2 2 2 2 2 2 2 2 2 1 1 2 2 2 1 2 2 2 1 2 2 2 2 2 2 2 2 2 2 2 2 2
ID_1645 1 2 2 1 1 1 2 2 2 2 2 2 2 2 2 2 2 2 2 2 2 2 2 2 2 2 2 2 2 1 2 2 2 2 2 2 2 2 2 2 1 2 2 2 2 2 2
ID_1650 1 2 2 1 1 2 2 2 2 1 1 2 2 2 2 1 2 2 2 2 2 1 2 2 2 2 2 2 2 2 2 1 2 2 2 2 2 2 2 1 2 1 2 2 1 1 2
ID_1661 1 2 2 2 1 2 2 NA NA 1 2 2 1 1 2 -9 -9 2 2 2 2 1 2 1 2 2 2 2 2 1 2 -9 -9 2 2 2 2 2 2 2 2 2 2 NA NA 2 1
ID_1667 1 2 2 1 1 2 2 NA NA 2 1 2 2 2 2 2 2 2 2 2 2 2 2 2 2 2 2 2 2 1 2 1 1 2 2 2 2 1 2 2 1 1 1 2 1 2 2
ID_1669 1 2 2 1 1 2 2 2 2 2 2 2 2 2 2 2 2 2 2 2 2 2 2 2 2 2 2 2 1 2 1 1 2 2 2 2 2 2 2 1 1 2 2 1 1 2 1
ID_1673 1 2 2 2 2 2 2 NA NA 1 2 1 2 2 2 2 2 2 2 2 2 2 2 2 2 2 2 2 2 2 1 2 2 2 2 2 2 2 2 2 2 2 1 1 2 1 2
ID_1687 1 2 2 1 1 2 2 NA NA 2 2 2 2 1 1 2 1 2 2 2 2 2 2 2 2 2 2 2 2 2 2 2 2 2 2 2 2 2 2 2 2 2 2 2 2 2 2
ID_1690 1 2 2 1 1 2 2 NA NA 2 2 1 2 2 2 2 2 2 2 2 2 2 2 1 1 2 2 2 2 2 2 1 2 2 2 1 2 2 2 2 2 2 2 2 2 1 2
ID_1692 1 2 1 1 2 2 2 NA NA 1 2 2 1 2 1 NA NA 2 2 2 2 2 2 1 2 2 2 2 2 2 2 2 1 2 2 2 1 2 2 1 1 2 1 2 1 2 2
ID_1718 1 2 2 1 1 2 2 2 2 2 2 2 2 1 2 2 1 2 1 2 2 1 2 1 2 2 2 2 2 2 2 1 1 2 2 1 2 2 2 1 2 2 2 2 2 2 2
ID_1719 1 2 2 2 2 2 2 2 2 2 2 2 1 2 2 NA NA 2 2 2 1 2 1 2 2 1 2 2 2 2 1 1 1 2 2 2 2 2 2 1 1 2 2 2 2 2 2
ID_1742 1 2 2 1 2 2 2 2 1 2 2 2 2 1 2 2 2 2 2 2 2 1 2 2 1 2 2 NA NA 2 1 2 1 2 1 2 2 2 2 1 2 2 2 2 2 2 1
ID_1746 1 2 2 2 1 2 2 NA NA 2 2 2 2 2 2 2 2 2 2 2 2 2 2 2 2 2 2 2 2 2 2 1 1 2 2 2 2 2 2 2 1 2 1 2 2 2 2
ID_1754 1 2 2 2 2 2 2 NA NA 1 2 2 2 2 1 2 2 2 2 2 2 2 1 2 1 2 2 2 2 1 2 2 2 2 2 1 2 2 2 2 1 2 2 2 2 2 2
ID_1770 1 2 2 2 1 2 2 2 2 2 2 2 1 1 2 1 2 2 2 2 2 2 2 2 2 1 2 NA NA 2 2 1 1 2 2 2 2 2 2 1 2 1 2 2 2 1 2
ID_1782 1 2 2 1 2 2 2 NA NA 2 2 2 2 2 2 2 1 2 2 2 2 2 2 2 2 2 2 2 2 2 2 2 1 2 2 2 2 2 2 1 1 1 2 2 2 2 2
ID_1783 1 1 2 1 1 2 2 NA NA 2 2 2 2 2 2 2 2 2 1 2 2 2 2 1 2 2 1 1 1 1 2 1 1 2 2 2 2 2 2 2 2 2 2 2 2 1 2
ID_1806 1 2 2 1 2 2 2 2 2 2 2 2 2 2 2 2 2 2 2 2 2 2 1 2 2 2 2 2 2 2 2 2 2 2 2 2 2 2 2 2 2 1 2 2 2 2 2
ID_1809 1 2 2 1 2 2 2 2 2 2 2 1 1 2 1 1 1 2 2 2 2 1 1 1 2 2 2 2 2 2 2 2 2 2 1 2 1 2 2 2 2 1 2 1 2 2 2
ID_1816 1 2 2 1 1 2 2 NA NA 2 2 2 2 2 2 2 2 2 1 2 2 2 1 2 2 2 2 2 2 2 2 1 2 2 2 2 2 2 2 1 2 2 2 2 2 2 2
ID_1818 1 2 2 2 1 2 2 NA NA 1 2 2 2 2 2 1 2 2 2 2 2 1 2 2 2 2 2 2 2 2 2 2 2 2 2 2 2 2 2 2 2 2 2 2 2 2 1
ID_1826 1 2 2 1 1 2 2 1 2 1 2 1 2 2 2 2 2 2 2 2 2 2 2 1 2 2 2 NA NA 2 2 2 2 2 2 2 2 2 2 2 2 1 2 2 2 2 2
ID_1834 1 2 1 1 2 1 2 2 2 1 1 2 1 2 2 2 2 2 2 2 2 2 1 2 1 1 2 NA NA 2 2 2 1 2 2 2 2 2 2 2 1 2 2 2 2 2 2
ID_1835 1 2 1 1 1 2 2 NA NA 2 2 2 2 2 2 2 2 2 2 2 2 2 2 1 2 2 2 2 2 2 2 2 2 2 2 2 2 1 2 1 1 2 2 2 2 2 2
ID_1850 1 2 2 1 1 2 2 2 2 1 2 2 1 2 2 2 2 2 2 2 2 1 2 1 2 1 2 2 2 2 2 2 1 2 2 2 1 2 2 2 2 2 2 2 2 1 2
ID_1852 1 2 2 1 1 2 2 NA NA 2 2 2 2 2 2 2 2 2 2 2 2 2 2 2 2 2 1 2 2 1 2 2 1 2 1 2 2 2 2 2 1 2 2 1 2 1 1
ID_1853 1 2 1 2 1 2 2 2 2 2 2 1 1 1 2 1 2 2 2 2 2 2 2 1 2 2 2 2 2 2 1 1 1 2 2 2 2 2 2 2 2 2 2 NA NA 2 2
ID_1856 1 2 2 2 1 2 1 2 2 1 2 1 2 2 2 2 2 2 2 2 2 2 2 2 1 2 2 2 1 2 2 1 1 2 2 2 2 2 2 2 2 2 2 1 1 2 2
ID_1859 1 2 1 2 1 2 2 NA NA 2 2 2 2 2 2 2 2 2 2 2 2 2 2 2 2 2 2 2 2 2 2 1 1 2 2 2 2 2 2 1 2 2 2 2 1 2 1
ID_1874 1 2 2 2 1 2 2 2 2 1 2 1 2 2 2 1 2 2 2 2 2 2 1 2 2 2 2 NA NA 2 2 1 1 2 2 2 2 2 2 2 2 2 1 2 2 2 1
ID_1881 1 2 2 2 1 1 2 2 2 2 2 2 1 2 2 2 2 2 2 2 2 2 2 NA NA 2 2 2 2 2 1 1 1 2 2 2 2 2 2 2 1 1 2 1 2 2 1
ID_1885 1 1 2 1 1 2 2 2 2 2 1 2 2 2 2 NA NA 2 2 2 2 2 2 NA NA 2 2 2 2 2 1 1 2 2 2 2 2 1 2 1 2 2 1 2 1 2 2
ID_1894 1 2 2 2 2 1 2 2 2 1 2 2 2 1 2 2 2 2 2 2 2 1 2 1 1 2 2 NA NA 2 2 2 1 2 2 2 2 2 2 2 1 1 2 2 1 2 2
ID_1950 1 2 2 2 1 2 2 1 2 1 1 2 2 2 2 -9 -9 2 2 2 2 1 2 2 2 2 2 1 2 1 2 1 1 2 2 2 2 2 2 2 2 2 2 2 2 2 2
ID_1953 1 2 2 1 1 2 2 NA NA 2 2 1 2 2 2 2 2 2 2 2 2 2 2 2 2 2 1 1 2 2 2 2 1 2 2 2 2 2 2 2 2 2 2 2 2 1 1
ID_1966 1 1 2 2 1 2 2 NA NA 1 2 2 2 2 2 2 2 2 2 2 2 2 2 2 2 2 1 2 1 1 1 1 2 2 2 2 2 2 2 2 2 2 1 2 1 2 2
ID_1991 1 2 2 1 1 2 2 2 2 2 2 1 2 2 2 2 2 2 2 2 2 2 2 1 1 2 1 2 2 1 2 1 2 2 2 1 2 2 2 1 2 2 2 1 2 NA NA
ID_1993 1 2 2 1 2 2 2 2 2 1 1 2 2 2 2 2 2 2 2 2 2 2 2 2 2 2 2 2 2 2 1 2 2 2 2 2 2 2 2 2 1 2 2 2 2 NA NA
ID_2003 1 2 2 1 1 1 2 NA NA 2 1 2 2 2 2 2 2 2 2 2 2 2 1 2 2 2 2 2 2 2 2 1 2 2 2 2 2 2 2 2 2 2 2 2 2 2 1
ID_2004 1 2 1 2 2 2 2 1 2 2 2 2 2 2 2 2 1 2 2 2 2 2 2 2 2 2 2 1 2 1 2 2 2 1 2 2 2 2 2 2 1 1 2 NA NA 1 2
ID_2013 1 2 2 1 1 2 2 2 2 2 1 2 2 2 2 2 2 1 2 2 2 2 2 2 2 2 2 1 2 2 2 1 2 2 2 1 2 2 2 2 2 1 2 2 2 1 1
ID_2016 1 2 2 2 2 2 2 2 2 2 2 2 2 2 2 2 2 2 2 2 2 2 2 2 2 2 2 2 2 2 1 2 2 2 2 2 2 2 2 2 1 2 2 2 2 2 1
ID_2042 1 2 2 1 2 2 2 NA NA 2 2 2 2 2 2 1 2 2 2 2 2 1 2 2 2 2 2 2 2 2 2 2 1 2 2 2 2 1 2 2 2 2 2 2 2 2 2
ID_2044 1 2 2 2 2 2 2 2 2 2 2 2 2 2 2 2 2 2 2 2 2 2 2 2 2 2 1 2 2 2 2 1 2 1 2 2 2 2 2 1 2 1 1 2 1 2 2
ID_2048 1 2 2 1 1 2 2 2 2 2 1 2 2 2 1 2 1 2 2 2 2 2 2 2 2 2 2 2 2 2 1 2 2 2 2 2 2 2 2 1 2 2 2 2 2 2 2
ID_2058 1 2 2 1 2 2 2 NA NA 1 2 1 2 2 2 2 2 1 2 2 2 2 2 2 2 2 2 2 2 2 2 2 2 2 1 2 2 2 2 1 2 1 2 2 2 2 2
ID_2067 1 2 2 2 1 2 2 2 2 2 2 1 1 2 1 2 2 2 2 2 2 2 2 2 2 2 2 1 2 2 2 1 2 1 2 2 2 2 2 2 2 2 2 2 2 2 1
ID_2079 1 1 2 2 2 2 2 NA NA 2 2 2 2 2 2 2 2 2 2 2 2 2 1 2 2 2 2 2 2 2 2 2 1 2 2 2 2 2 2 2 2 1 1 2 1 2 2
ID_2090 1 2 2 1 1 2 2 1 1 2 2 2 2 1 2 2 2 2 2 2 2 2 2 2 2 1 2 2 2 2 1 1 2 2 2 2 2 2 2 2 1 2 2 1 1 1 2
ID_2092 1 1 2 1 1 2 2 NA NA 2 2 1 2 2 2 NA NA 2 2 2 2 2 2 NA NA 2 2 NA NA 2 2 2 1 2 2 2 2 2 2 2 2 2 2 2 2 2 2
ID_2095 1 2 2 2 1 2 2 2 2 2 2 2 2 2 2 2 1 2 2 2 2 2 1 2 2 2 2 2 2 2 1 2 2 2 2 2 2 2 2 2 2 2 2 2 2 2 1
ID_2096 1 2 2 2 2 2 2 NA NA 2 1 2 2 1 2 1 2 1 2 2 2 2 1 1 2 1 1 2 2 2 2 2 2 2 2 2 2 2 2 2 2 2 2 1 2 2 2
ID_2098 1 2 2 1 2 2 2 NA NA 1 2 2 2 2 2 2 2 2 2 1 2 2 2 1 2 2 2 2 2 2 2 2 1 2 2 2 2 2 2 1 2 2 2 2 2 2 2
ID_2108 1 1 2 1 2 2 2 NA NA 1 2 2 2 2 2 1 2 2 2 2 2 2 2 1 2 1 1 2 2 2 1 1 2 2 2 2 2 2 2 1 2 2 2 2 2 2 2
ID_2111 1 2 2 2 2 2 2 2 2 2 1 2 2 1 2 2 1 2 2 2 2 2 1 2 2 2 2 1 1 2 1 1 2 2 2 2 2 2 2 2 1 2 2 NA NA 2 2
ID_2132 1 1 2 2 1 1 2 NA NA 1 2 2 2 2 2 2 2 2 2 2 2 2 2 2 2 2 2 2 2 2 2 2 1 2 2 2 2 2 2 2 2 2 2 2 2 1 2
ID_2133 1 1 2 2 2 2 2 NA NA 2 2 2 1 1 2 2 2 2 2 2 2 2 2 1 1 1 1 NA NA 1 1 2 1 2 2 2 2 2 2 2 2 2 2 2 2 2 2
ID_2142 1 2 1 2 2 2 2 2 2 1 1 2 2 2 2 2 2 2 2 2 2 2 1 2 2 1 1 1 2 2 2 2 2 2 2 2 2 2 2 2 2 2 2 2 2 NA NA
ID_2149 1 2 2 1 2 2 2 2 2 2 2 2 2 2 1 2 2 2 2 2 2 2 2 1 2 1 2 NA NA 2 2 2 2 2 2 2 1 2 2 2 1 2 2 2 2 2 2
ID_2150 1 2 2 1 2 2 2 NA NA 1 2 2 1 2 2 2 2 2 2 2 2 2 1 2 2 2 2 NA NA 2 2 1 2 2 2 2 2 2 2 1 2 2 1 2 2 2 2
ID_2165 1 2 2 2 1 2 2 2 2 1 2 2 2 2 2 2 2 2 2 2 2 1 2 2 2 2 2 2 2 1 1 2 1 2 2 2 2 2 2 2 2 2 1 2 2 1 2
ID_2188 1 2 2 1 2 2 1 2 2 2 2 2 2 2 2 2 1 2 2 2 2 1 2 2 2 2 2 1 2 2 1 1 2 2 2 2 2 2 2 2 2 2 2 2 2 1 2
ID_2191 1 2 1 1 1 2 1 1 2 2 1 2 2 2 2 2 1 2 1 2 2 2 2 2 2 2 2 2 2 2 2 2 2 2 2 2 1 1 2 2 2 2 1 2 1 2 2
ID_2194 1 1 2 1 1 2 2 NA NA 1 2 2 2 2 2 2 2 2 2 2 2 2 2 2 1 2 2 2 1 2 1 1 2 1 2 2 2 2 2 2 1 2 2 2 2 2 2
ID_2195 1 2 2 1 1 1 2 NA NA 2 2 1 2 2 2 2 2 2 2 2 2 2 2 2 2 2 2 2 2 2 2 2 2 2 2 2 2 2 2 2 2 2 2 2 1 2 1
ID_2213 1 2 2 2 1 2 1 NA NA 1 2 2 2 2 1 2 2 2 2 2 2 2 2 2 2 1 1 2 2 2 2 2 1 2 2 2 2 2 2 2 2 2 2 1 2 1 2
ID_2214 1 2 2 2 2 2 2 NA NA 2 2 2 2 2 2 2 2 2 2 2 2 2 2 2 2 2 2 2 2 2 2 2 1 2 2 2 2 2 2 1 2 2 2 1 2 2 2
ID_2235 1 2 2 1 1 2 2 2 2 2 2 2 1 2 2 1 2 2 2 2 2 2 2 1 1 1 1 2 2 2 2 1 2 2 2 2 2 2 1 2 2 2 2 2 2 2 1
ID_2237 1 2 2 1 2 2 2 NA NA 2 2 1 2 2 2 2 2 2 2 2 2 2 1 2 2 2 1 2 2 1 2 2 1 2 2 2 1 2 2 2 1 1 2 2 2 2 2
ID_2262 1 2 2 2 2 2 2 2 2 1 2 2 2 2 1 2 2 2 2 2 2 2 2 2 1 2 2 2 2 2 1 2 2 2 2 2 2 2 2 2 1 NA NA 2 2 2 2
ID_2274 1 2 2 2 1 2 2 2 2 2 2 2 2 2 1 2 2 2 2 2 2 2 1 1 1 1 2 2 1 2 2 2 1 2 2 2 2 2 2 2 2 1 2 1 2 2 2
ID_2276 1 2 2 1 1 2 2 2 2 1 1 2 2 1 1 1 1 2 2 2 2 2 2 2 2 2 2 2 2 2 2 2 2 2 2 2 2 2 2 2 2 2 2 2 2 2 2
ID_2288 1 2 2 2 2 2 2 2 2 1 2 1 1 2 2 2 2 2 2 2 2 1 1 2 1 1 2 2 2 1 1 1 2 2 2 2 2 2 2 2 2 2 2 2 2 2 2
ID_2300 1 2 2 2 1 2 1 2 2 2 2 2 2 2 1 1 2 2 2 2 2 1 2 2 2 1 2 2 1 2 1 2 2 2 2 2 2 2 2 2 2 1 2 2 1 2 2
ID_2305 1 2 2 1 1 1 2 2 1 2 2 1 2 2 2 2 2 1 2 2 2 1 2 2 2 2 2 1 1 2 2 2 2 2 2 2 2 2 2 2 2 2 2 1 2 NA NA
ID_2316 1 1 2 1 2 2 2 NA NA 2 2 2 2 2 2 2 2 2 2 2 2 1 2 2 1 2 2 2 2 2 1 2 2 2 2 2 2 2 2 2 2 2 1 2 1 2 2
ID_2330 1 2 2 1 2 2 2 2 2 1 2 2 2 2 2 2 1 1 2 2 2 2 2 2 2 2 2 2 2 2 2 2 2 2 2 2 2 2 2 2 2 2 2 2 2 2 1
ID_2331 1 2 2 2 1 2 2 2 1 1 2 2 2 2 1 1 2 2 2 2 2 2 1 2 2 2 2 2 1 1 2 2 1 2 2 2 2 2 2 2 2 2 2 2 1 2 1
ID_2337 1 2 2 1 2 2 2 2 1 2 1 1 2 2 2 1 1 1 2 2 2 1 2 2 2 2 2 1 2 2 2 2 2 2 2 2 2 2 2 2 2 NA NA 1 2 2 2
ID_2356 1 2 1 1 1 2 2 NA NA 1 1 2 2 2 1 2 1 2 1 2 2 2 1 2 2 2 1 2 1 2 2 2 2 2 2 2 1 2 2 1 2 2 1 2 2 2 1
ID_2375 1 2 2 2 2 2 2 2 2 1 2 2 2 2 1 1 2 2 2 2 2 1 2 2 2 2 2 1 1 1 1 1 2 2 2 2 2 2 2 2 1 2 2 2 1 2 1
ID_2397 1 1 1 1 1 2 2 2 2 2 2 1 2 2 2 2 1 2 1 2 2 2 2 2 2 2 2 1 2 2 2 2 1 2 2 2 2 2 2 2 2 2 2 1 2 2 1
ID_2414 1 1 1 2 1 2 2 2 2 2 2 2 2 2 2 2 2 2 1 2 2 2 2 2 2 2 2 2 2 1 2 2 2 2 2 2 2 2 2 2 2 2 2 2 1 2 2
ID_2420 1 2 1 2 2 2 2 NA NA 1 2 2 2 2 2 2 2 2 2 2 2 2 2 NA NA 2 2 1 2 2 2 -9 -9 2 2 2 2 2 2 1 2 2 2 2 2 1 2
ID_2425 1 2 2 2 1 2 2 NA NA 2 2 2 2 2 2 2 2 2 2 2 2 1 2 1 2 2 2 2 2 2 2 2 2 2 2 2 2 2 1 2 2 2 2 2 2 2 2
ID_2439 1 2 2 1 2 2 2 2 2 2 2 2 2 2 2 2 1 2 2 2 2 2 1 2 1 1 2 2 2 2 1 1 1 2 2 2 1 2 2 2 2 1 2 1 2 2 2
ID_2457 1 2 2 2 2 2 2 2 2 2 2 1 2 2 2 2 1 2 2 2 2 1 2 2 2 2 2 2 2 2 2 1 1 2 2 2 2 2 2 2 1 1 2 2 2 2 2
ID_2465 1 2 2 2 2 2 2 NA NA 2 2 2 2 2 2 2 2 2 2 2 2 2 2 2 2 2 1 2 2 2 1 2 1 2 2 2 2 1 2 2 2 2 2 2 2 2 2
ID_2471 1 2 2 1 2 2 2 2 2 1 1 2 2 2 2 2 2 2 2 2 2 2 2 2 2 2 2 2 2 2 2 2 2 2 2 2 2 2 2 2 2 2 2 2 2 2 2
ID_2480 1 2 2 2 2 2 2 2 2 1 2 2 2 1 2 1 2 2 2 2 2 1 2 2 2 2 2 2 2 2 1 2 2 2 2 2 2 2 1 2 2 2 2 2 2 2 2
ID_2484 1 2 2 2 2 2 1 NA NA 2 1 2 2 2 2 2 2 2 2 2 2 2 2 2 2 1 1 2 2 2 1 1 2 2 2 2 2 2 2 2 2 2 2 2 2 2 2
ID_2486 1 2 2 2 1 2 2 2 2 1 2 1 2 2 2 2 2 2 2 2 2 2 2 2 2 2 1 2 2 2 2 2 2 2 2 2 1 2 2 2 2 2 2 2 2 2 2
ID_2489 1 2 2 1 1 2 2 2 2 2 1 2 2 2 2 1 2 2 2 2 2 2 2 2 2 2 2 NA NA 2 2 1 2 2 2 2 1 2 2 2 2 2 2 2 2 2 1
ID_2501 1 2 2 2 1 2 2 2 2 2 1 2 2 2 1 2 2 2 2 2 2 2 2 2 2 2 2 2 2 1 2 1 2 2 2 2 2 2 2 2 2 2 2 2 2 2 2
ID_2502 1 2 1 2 2 2 2 2 1 2 2 1 2 2 2 1 2 2 2 2 2 2 1 1 2 1 2 2 2 1 2 2 1 2 2 2 2 2 2 1 2 2 2 2 2 2 2
ID_2506 1 1 2 1 1 2 2 2 2 2 2 2 2 1 1 2 1 2 2 2 2 1 2 2 2 2 2 2 2 2 2 1 2 2 2 2 2 2 2 2 2 1 2 2 1 1 2
ID_2511 1 2 1 1 2 2 2 2 2 2 2 1 2 2 2 2 2 2 2 2 2 2 2 2 2 2 2 2 2 2 2 2 2 2 2 2 2 2 2 1 2 1 2 1 1 1 2
ID_2519 1 2 1 1 2 2 2 2 2 2 1 1 2 2 2 2 2 2 2 1 2 1 1 2 2 2 2 2 2 2 2 2 2 2 2 2 2 1 2 1 1 NA NA 2 2 1 2
ID_2524 1 2 2 2 1 2 2 2 2 2 1 2 2 2 2 2 2 2 2 2 2 2 2 2 2 2 2 2 2 1 1 1 2 2 2 2 1 2 2 2 1 2 2 2 2 1 2
ID_2529 1 2 2 1 2 2 2 NA NA 2 2 2 2 1 2 2 1 2 2 2 2 2 2 2 2 2 2 2 2 2 1 1 1 2 2 2 2 2 2 1 2 2 2 2 1 2 2
ID_2538 1 2 2 1 1 2 2 2 1 1 2 2 2 2 1 2 2 2 2 2 2 2 1 2 2 2 2 1 1 2 2 1 2 1 2 1 2 2 1 2 2 1 2 2 2 2 2
ID_2544 1 2 2 2 1 2 2 2 2 2 2 2 2 2 1 2 2 2 2 2 2 2 1 2 2 2 2 2 2 2 2 2 2 2 2 2 2 2 2 2 2 2 2 2 2 2 2
ID_2549 1 2 2 1 1 2 2 2 2 2 2 2 2 1 2 2 2 2 2 2 2 2 2 2 2 2 2 2 2 2 1 2 1 2 2 2 2 2 2 2 2 2 2 1 1 2 1
ID_2551 1 2 2 1 2 2 2 2 2 2 2 2 2 1 2 2 2 2 2 2 2 2 2 NA NA 2 2 1 1 2 1 2 2 2 2 2 2 2 1 1 2 2 2 2 2 2 2
ID_2581 1 2 2 1 1 2 2 2 2 2 2 2 2 2 2 1 2 2 2 2 2 2 2 1 2 2 2 1 2 2 2 2 2 1 2 2 2 2 2 2 2 2 2 2 2 1 2
ID_2589 1 2 2 2 1 2 2 NA NA 2 1 2 2 2 1 2 2 2 2 2 2 1 1 1 2 2 2 2 2 1 1 2 2 2 2 2 2 2 2 1 2 2 1 2 2 2 2
ID_2593 1 2 2 1 1 2 2 1 2 1 2 2 2 2 2 2 2 2 2 2 2 1 2 2 1 1 2 2 2 2 2 2 2 2 2 1 2 2 2 2 1 2 2 2 2 2 1
ID_2601 1 2 2 2 1 2 2 2 2 1 2 2 2 1 1 2 2 2 2 2 2 2 2 2 2 2 1 2 2 2 2 2 1 2 2 2 2 2 2 1 1 2 2 NA NA 2 2
ID_2602 1 2 2 1 1 2 2 NA NA 2 1 2 1 2 2 NA NA 2 1 2 2 2 2 1 2 2 2 2 2 1 2 1 1 2 2 2 2 2 2 2 1 NA NA 2 2 1 1
ID_2608 1 2 2 1 1 2 1 NA NA 2 2 2 1 2 2 2 2 2 2 2 2 2 2 2 2 2 2 2 2 2 2 2 2 2 2 2 1 2 2 1 1 2 2 2 2 2 2
ID_2609 1 1 1 2 1 2 2 NA NA 2 2 1 1 2 2 1 2 2 2 2 2 2 1 2 1 2 2 NA NA 1 1 2 2 2 2 2 2 2 2 2 1 2 2 2 2 2 2
ID_2612 1 2 2 2 2 2 2 NA NA 1 2 1 2 2 2 2 2 2 2 2 2 2 2 1 2 2 2 1 2 2 2 2 2 2 2 2 2 2 2 2 2 2 2 2 2 2 2
ID_2616 1 2 2 1 1 2 2 2 1 1 1 2 2 2 2 2 1 2 2 2 2 2 2 1 2 2 2 2 2 2 2 2 2 2 2 2 2 2 2 2 1 1 1 2 2 2 1
ID_2643 1 2 2 1 2 2 2 2 2 2 2 2 2 2 2 2 2 2 2 2 2 1 2 2 2 2 2 2 2 2 2 2 2 1 2 2 2 2 2 2 2 1 2 1 2 2 2
ID_2649 1 2 2 1 1 2 1 NA NA 2 2 2 2 1 2 2 2 2 2 2 2 2 2 2 1 2 2 2 2 2 1 2 1 2 2 2 2 2 2 1 1 2 2 2 2 2 1
ID_2660 1 2 2 2 2 2 2 NA NA 2 1 2 2 1 2 2 2 2 2 2 2 2 2 2 2 2 2 NA NA 2 2 2 2 2 2 2 2 2 2 2 1 2 2 1 2 2 2
ID_2666 1 2 2 1 1 1 2 NA NA 2 2 2 2 2 2 2 1 2 2 2 2 1 1 2 2 1 2 2 2 1 2 2 2 1 2 2 2 2 2 2 2 2 2 2 2 2 2
ID_2667 1 2 2 2 2 2 2 NA NA 2 2 2 2 2 2 2 2 2 2 2 2 2 2 2 1 2 2 2 1 2 2 2 2 2 2 2 2 1 2 2 2 2 2 2 2 NA NA
ID_2675 1 2 2 1 1 2 2 1 1 2 1 2 2 2 2 2 1 1 2 2 2 2 2 2 2 2 2 1 2 2 2 1 1 2 2 2 2 2 2 2 1 2 2 2 2 2 2
ID_2689 1 2 2 1 1 2 2 2 2 2 2 2 2 2 1 1 2 2 2 2 2 2 2 2 2 1 2 2 2 2 2 2 1 2 2 1 2 2 2 2 1 2 2 2 1 2 1
ID_2708 1 2 2 1 1 2 2 NA NA 2 2 1 2 2 2 2 2 2 2 2 2 2 2 2 2 2 2 2 2 1 2 2 2 2 2 2 2 2 2 1 2 2 2 2 2 2 2
ID_2720 1 2 2 2 1 1 2 2 2 2 2 2 1 2 1 2 2 2 2 2 2 2 2 NA NA 1 1 2 2 2 2 2 1 2 2 2 2 2 2 1 2 2 2 NA NA 2 2
ID_2721 1 2 2 1 1 2 2 NA NA 2 2 1 2 2 1 2 2 2 2 2 2 2 2 2 2 2 2 1 2 2 2 2 2 2 1 2 2 2 2 1 2 1 2 1 2 1 2
ID_2737 1 1 2 2 1 2 2 NA NA 1 2 2 2 2 2 2 1 2 2 2 2 2 2 1 2 1 2 2 2 2 2 2 1 2 2 2 2 2 2 2 2 1 1 2 2 2 2
ID_2738 1 2 2 1 2 2 2 2 2 2 1 2 2 2 2 2 2 2 2 2 2 2 2 2 2 2 2 2 2 2 2 2 2 2 2 2 2 2 2 2 2 2 2 2 2 NA NA
ID_2742 1 2 2 1 2 2 2 1 2 2 1 2 2 1 2 2 2 2 2 2 2 1 2 2 2 2 2 1 2 2 2 2 2 1 2 2 2 2 2 1 2 1 1 2 2 2 2
ID_2744 1 2 2 2 2 2 2 NA NA 1 1 2 2 2 2 2 2 2 1 2 2 2 2 2 1 1 2 NA NA 2 2 2 1 2 2 2 2 2 2 1 1 2 1 1 1 2 1
ID_2752 1 2 1 2 1 2 2 2 2 2 2 2 2 2 2 2 2 1 2 2 2 2 1 1 2 2 1 2 2 1 1 2 1 2 2 2 2 2 2 1 1 2 2 2 2 2 2
ID_2767 1 2 2 1 1 2 2 NA NA 1 2 2 2 1 1 2 1 2 2 2 2 2 2 2 2 2 2 2 2 2 2 2 2 2 2 2 2 2 2 2 2 NA NA 2 2 2 1
ID_2769 1 2 2 1 2 2 2 NA NA 2 1 1 2 2 1 1 2 2 1 2 2 2 2 2 2 2 1 2 2 2 2 2 1 2 2 2 2 2 2 1 1 2 1 NA NA 2 2
ID_2785 1 1 2 2 1 2 2 NA NA 2 2 2 2 2 2 2 2 1 2 2 2 1 2 2 1 2 2 2 2 2 2 2 1 2 2 2 2 2 2 2 2 2 1 2 2 2 1
ID_2798 1 2 2 2 1 2 2 NA NA 1 2 2 1 2 2 2 2 1 2 2 2 2 2 2 2 2 2 2 2 2 2 1 2 2 2 2 2 2 2 1 1 2 2 2 1 2 1
ID_2808 1 2 2 1 2 2 2 NA NA 1 2 2 2 2 2 2 2 2 2 2 2 2 2 1 2 2 2 NA NA 2 2 2 2 2 2 1 2 2 2 2 2 1 2 1 2 2 1
ID_2811 1 2 2 2 1 2 2 NA NA 2 2 1 2 2 2 NA NA 2 2 2 2 1 2 2 2 2 1 2 2 2 2 2 2 2 1 2 2 2 2 2 1 2 2 2 1 2 2
ID_2815 1 2 2 2 1 2 2 NA NA 2 2 2 2 2 2 2 2 2 2 2 2 2 2 2 2 1 2 1 2 2 2 1 2 2 2 2 2 2 1 2 2 2 2 1 2 2 1
ID_2825 1 2 2 1 2 2 2 2 2 2 2 2 2 1 1 2 2 2 2 2 1 2 2 2 1 2 1 2 2 2 2 2 2 2 2 1 2 1 1 2 1 2 2 2 1 1 2
ID_2826 1 2 2 1 1 2 2 2 2 1 2 2 2 1 2 2 2 2 2 2 2 2 2 1 2 2 2 2 2 2 2 1 2 2 2 2 2 2 1 2 2 NA NA 2 1 2 2
ID_2846 1 2 2 2 2 2 2 2 2 1 2 2 2 2 2 2 2 2 2 2 2 2 2 2 2 1 2 2 2 1 2 2 2 2 2 1 2 1 2 2 1 1 2 2 2 1 2
ID_2857 1 2 2 1 1 2 2 2 2 2 2 2 1 2 1 2 2 2 2 2 2 2 2 2 2 2 2 1 2 1 2 2 2 2 2 2 2 1 2 2 2 2 1 2 2 2 2
ID_2862 1 2 2 1 2 2 2 NA NA 2 2 2 2 1 2 2 1 2 2 2 2 1 2 2 2 2 2 1 2 2 2 2 2 2 2 2 2 2 2 2 2 1 2 2 2 2 1
ID_2864 1 2 2 1 1 2 2 NA NA 2 2 2 2 1 1 2 2 2 2 2 2 2 2 2 2 2 1 2 2 2 1 1 2 2 2 2 2 2 1 1 2 2 2 2 2 2 2
ID_2867 1 2 2 1 1 2 2 NA NA 2 1 2 1 1 1 2 2 2 2 2 2 2 1 2 2 2 2 2 2 2 2 2 1 2 2 2 2 2 2 2 1 2 1 1 2 1 1
ID_2874 1 2 2 2 1 2 2 2 2 2 2 2 2 2 2 NA NA 2 2 2 2 2 2 2 1 2 2 2 2 2 2 2 1 2 2 2 2 2 1 1 1 2 2 2 2 2 2
ID_2889 1 2 2 1 2 2 2 NA NA 1 1 2 2 2 2 2 2 2 2 2 2 2 2 1 1 2 2 1 2 2 2 2 1 2 2 2 2 2 2 2 1 2 2 2 2 2 2
ID_2890 1 2 2 2 1 2 2 2 2 1 1 2 2 2 2 2 2 2 2 2 2 2 1 2 2 2 1 1 2 2 2 2 2 2 2 2 2 2 2 2 2 1 2 2 1 2 2
ID_2897 1 2 2 1 2 2 2 NA NA 2 1 2 2 2 2 2 2 2 2 2 2 2 2 2 1 2 2 2 2 2 2 2 2 2 2 1 2 2 2 1 2 2 2 2 2 1 2
ID_2902 1 1 2 2 2 2 2 NA NA 2 2 2 2 1 2 2 1 1 2 2 2 1 2 2 2 2 2 2 1 2 2 2 2 2 2 1 2 2 2 2 2 2 2 2 2 2 2
ID_2910 1 2 2 1 1 2 2 2 2 1 1 2 2 2 2 1 2 2 2 2 2 1 2 2 2 1 1 2 2 2 2 2 2 2 2 2 2 2 2 2 2 2 1 1 2 2 2
ID_2924 1 2 2 1 1 2 1 2 1 2 2 2 2 2 2 2 2 2 2 2 2 2 2 2 1 1 2 2 1 2 2 1 2 2 2 2 2 2 2 1 2 2 2 2 2 2 1
ID_2931 1 2 2 2 2 2 2 NA NA 2 2 2 1 2 1 2 2 2 2 2 2 2 2 NA NA 2 2 2 2 2 2 2 2 2 2 2 2 2 2 2 1 2 2 2 1 2 2
ID_2960 1 2 2 1 2 2 2 2 2 1 2 2 2 2 2 2 2 2 2 2 2 2 2 2 2 1 2 2 2 2 1 2 2 2 2 2 2 2 2 2 1 2 1 NA NA 2 2
ID_2967 1 2 2 1 2 2 2 2 1 2 2 2 2 2 2 2 2 2 2 2 2 1 1 2 2 2 2 2 2 1 2 1 2 2 2 2 2 2 2 1 2 1 2 NA NA 2 2
ID_2978 1 2 2 2 1 2 2 NA NA 1 2 2 2 2 2 2 2 2 2 2 2 2 1 2 2 2 2 2 2 2 1 2 1 2 2 2 2 2 2 1 1 2 2 2 1 2 2
ID_2981 1 2 2 1 2 2 2 2 2 2 2 2 2 2 2 2 1 2 1 2 2 2 2 2 2 2 2 2 2 2 2 1 2 2 2 2 2 2 2 1 2 2 2 2 2 2 1
ID_2993 1 2 2 1 1 2 2 2 2 1 1 2 2 1 2 1 1 2 2 2 2 2 2 2 2 2 2 NA NA 2 2 1 2 2 2 2 2 2 2 1 2 2 2 2 2 2 2
ID_3000 1 2 2 1 1 2 2 2 2 2 2 2 2 2 2 2 2 2 2 2 2 2 1 2 2 2 1 2 2 1 2 2 2 2 2 2 2 2 2 1 2 2 2 2 2 1 2
ID_3001 1 2 2 1 1 1 2 NA NA 1 2 2 2 2 2 1 2 2 2 2 2 1 1 2 2 2 2 1 2 1 1 2 2 2 1 2 2 1 2 1 2 1 1 1 2 2 2
ID_3005 1 1 2 1 1 2 2 2 2 2 2 2 1 2 2 2 1 2 2 2 2 2 1 2 2 2 2 2 2 2 2 2 1 2 2 2 2 2 2 1 1 2 2 2 1 1 2
ID_3008 1 2 2 2 2 2 1 2 2 1 2 2 2 2 2 2 1 2 1 2 2 2 2 2 2 2 1 2 2 2 2 1 2 2 2 2 2 2 2 2 2 2 2 2 2 2 2
ID_3012 1 2 2 2 2 2 2 2 1 2 2 2 2 2 2 NA NA 2 2 2 2 2 2 2 2 2 2 2 1 2 1 1 1 2 2 2 2 2 2 2 1 2 2 1 2 2 2
ID_3020 1 1 1 1 1 2 2 2 2 2 2 2 2 1 2 2 2 2 2 2 2 2 2 NA NA 2 2 2 2 2 2 2 2 2 2 2 2 2 2 2 2 2 2 2 2 2 2
ID_3028 1 2 2 1 2 2 2 2 2 1 2 2 2 2 2 1 2 2 2 2 2 2 2 1 2 2 2 2 2 2 1 2 2 2 2 2 2 2 2 2 1 2 2 1 2 1 2
ID_3030 1 2 2 2 1 2 2 2 2 1 1 2 2 2 2 2 2 2 2 2 2 2 2 2 2 2 2 2 2 2 2 1 2 2 2 2 2 2 2 2 2 2 2 NA NA 1 2
ID_3059 1 2 1 1 2 2 2 2 2 1 2 2 2 2 2 2 2 2 2 2 2 2 1 2 2 2 2 2 2 2 1 2 2 2 2 2 2 2 2 1 2 2 2 2 2 1 2
ID_3086 1 2 2 2 1 2 2 NA NA 1 2 2 2 2 2 1 2 2 1 2 2 2 1 2 2 1 2 2 2 2 2 2 2 2 2 2 2 2 2 2 2 1 2 NA NA 2 2
ID_3102 1 2 2 1 2 2 2 NA NA 2 2 2 2 1 1 2 2 2 2 2 2 2 2 NA NA 1 2 1 2 2 1 2 1 2 2 2 2 2 1 2 2 2 2 2 2 2 2
ID_3123 1 2 2 1 1 2 2 2 2 2 1 2 2 2 2 2 1 2 1 2 2 1 2 2 2 2 2 2 2 2 1 2 2 2 2 2 2 2 2 2 1 2 1 2 2 1 2
ID_3125 1 2 2 1 1 2 2 2 2 2 1 2 2 2 2 2 1 2 1 2 2 1 2 2 2 2 2 1 2 2 2 2 2 2 2 2 2 2 2 1 2 2 2 2 2 2 2
ID_3128 1 2 2 1 2 2 2 NA NA 2 1 2 2 1 2 2 1 2 2 2 2 2 2 2 2 2 2 NA NA 1 1 2 2 2 2 2 2 2 2 2 2 2 2 2 2 2 2
ID_3135 1 2 2 2 1 2 2 2 2 2 2 2 2 2 2 2 1 2 2 2 2 2 1 2 2 2 2 2 2 2 2 1 2 2 2 2 2 2 2 2 2 2 1 2 2 2 2
ID_3145 1 1 2 2 2 2 2 NA NA 2 2 2 2 2 2 2 2 2 2 2 2 2 2 2 2 1 1 2 2 2 2 2 1 1 2 2 2 2 2 2 2 2 2 NA NA 2 2
ID_3157 1 2 2 2 1 2 2 1 2 2 1 2 2 2 2 2 2 2 2 2 2 2 2 2 2 2 2 2 2 1 1 2 2 2 2 2 2 2 2 2 2 2 1 1 2 1 2
ID_3160 1 2 2 1 2 2 2 2 2 2 2 2 2 1 1 2 2 2 2 2 2 2 1 2 2 1 2 NA NA 2 2 2 2 2 2 2 2 2 2 2 1 2 2 2 2 2 2
ID_3164 1 2 2 1 2 2 2 NA NA 1 2 2 2 2 1 1 2 2 2 2 2 1 2 1 2 2 2 2 2 2 2 2 2 2 2 1 1 2 2 1 1 2 2 2 1 2 2
ID_3166 1 2 2 1 2 2 2 NA NA 2 1 2 2 2 2 2 2 2 2 2 2 1 2 2 2 2 2 2 1 2 2 1 2 2 2 2 2 2 2 2 2 2 2 NA NA 2 2
ID_3173 1 2 2 1 2 2 2 2 2 1 2 2 2 2 2 2 2 2 2 2 2 2 1 2 1 2 2 2 2 2 2 2 2 2 2 2 2 2 1 1 2 2 2 2 1 2 1
ID_3183 1 2 2 1 1 2 2 NA NA 1 2 2 2 2 2 2 2 2 2 2 2 2 2 2 2 2 2 2 2 2 2 2 2 1 2 2 2 2 2 2 2 2 1 2 2 2 2
ID_3207 1 2 2 1 2 2 1 NA NA 2 2 1 2 1 1 -9 -9 2 2 2 2 2 2 1 2 2 1 2 1 2 2 2 1 2 2 2 2 2 2 1 1 1 2 2 2 1 2
ID_3218 1 2 2 2 1 2 2 NA NA 2 2 2 2 2 1 2 2 2 2 2 2 2 2 1 1 2 2 2 2 2 2 2 1 2 2 2 2 2 2 2 2 2 2 2 1 2 2
ID_3231 1 2 2 2 1 2 2 NA NA 1 1 2 2 2 2 2 2 2 2 2 2 2 2 2 2 2 2 2 2 2 2 2 2 2 2 2 2 2 2 2 2 2 2 2 2 2 2
ID_3236 1 1 2 1 2 1 2 NA NA 2 2 1 2 2 2 2 2 2 2 2 2 2 2 2 2 2 2 2 2 2 1 2 2 2 2 2 2 2 2 2 2 2 1 2 2 1 2
ID_3240 1 2 2 2 2 2 2 2 2 2 2 2 2 2 1 1 1 1 2 2 2 1 2 2 2 2 2 1 2 2 2 2 2 2 2 2 1 2 2 2 2 2 1 2 1 2 2
ID_3293 1 2 2 2 1 2 2 2 2 2 2 2 2 2 2 2 2 2 2 2 2 2 2 2 1 2 1 2 2 1 1 2 2 2 2 2 1 2 2 2 2 2 1 2 2 2 1
ID_3296 1 2 2 1 1 2 2 2 2 2 1 2 2 2 2 2 2 2 1 2 2 2 1 2 1 1 1 2 1 1 1 2 2 2 2 2 2 2 2 2 1 2 2 2 2 NA NA
ID_3301 1 2 2 2 1 2 2 2 2 1 2 2 1 1 2 2 2 2 2 2 2 2 2 1 2 2 1 2 1 2 1 2 1 2 2 2 2 2 2 2 2 2 2 1 2 1 2
ID_3307 1 1 1 1 2 2 2 NA NA 1 2 2 2 2 2 2 2 1 2 2 2 2 2 2 2 2 2 2 2 1 1 2 2 1 2 2 2 2 2 1 2 NA NA 2 1 2 2
ID_3317 1 2 2 1 2 2 1 2 2 1 1 2 2 2 1 2 1 2 2 2 2 2 2 2 2 2 2 2 2 2 1 2 1 2 2 2 2 2 2 2 1 2 2 2 2 2 2
ID_3326 1 2 2 1 2 2 2 NA NA 2 2 2 2 2 2 2 1 2 2 2 2 2 2 2 2 2 2 2 1 2 2 2 2 2 2 2 2 2 1 2 1 2 2 2 2 2 2
ID_3331 1 2 2 1 1 2 2 NA NA 1 2 2 2 2 2 1 2 2 1 1 2 1 2 2 2 2 1 1 2 2 2 2 1 2 2 2 2 2 2 2 2 1 2 2 2 1 2
ID_3337 1 1 2 1 2 2 2 2 2 2 1 1 2 1 2 2 1 2 2 2 2 1 1 1 2 2 2 2 2 1 1 1 1 2 2 2 2 2 2 1 2 1 2 2 2 2 2
ID_3339 1 1 2 2 1 2 2 NA NA 2 1 2 2 1 2 2 1 2 2 2 2 2 1 2 2 2 1 2 2 2 1 1 2 2 2 2 2 2 2 2 1 2 1 2 2 2 2
ID_3341 1 2 2 2 1 2 1 NA NA 2 2 2 2 2 2 2 1 2 2 2 2 2 2 2 2 2 2 2 2 2 2 1 2 2 2 2 2 2 2 2 2 2 2 2 1 2 2
ID_3343 1 2 2 1 2 1 2 NA NA 2 1 2 2 2 2 1 1 2 2 2 2 2 2 2 2 1 2 2 1 2 2 1 2 2 2 2 2 2 1 2 2 2 2 2 2 2 2
ID_3345 1 2 2 1 2 2 2 2 2 2 1 2 1 1 2 2 2 2 2 2 2 2 2 2 2 2 2 2 2 1 2 2 1 2 1 2 2 2 1 2 2 2 2 2 2 2 2
ID_3356 1 2 2 1 2 2 2 NA NA 2 2 2 1 2 2 2 2 2 2 2 2 2 2 2 2 2 2 2 2 2 1 1 2 2 2 2 2 2 2 2 2 2 2 2 2 1 2
ID_3361 1 2 2 1 2 2 2 NA NA 2 1 2 2 1 1 2 2 2 2 2 2 2 2 2 2 2 2 NA NA 1 2 2 1 2 2 2 2 2 2 2 2 1 2 1 2 1 2
ID_3365 1 1 2 1 1 2 2 2 2 2 1 2 2 2 2 2 2 2 2 2 2 2 1 2 2 2 2 2 2 2 2 2 2 2 2 2 2 2 2 1 2 2 2 2 2 2 2
ID_3371 1 2 2 1 2 2 2 NA NA 1 2 2 2 1 2 2 2 2 2 2 2 2 2 2 2 2 2 2 2 2 1 -9 -9 2 2 2 2 2 2 1 2 1 2 2 1 2 2
ID_3373 1 2 2 2 1 2 2 2 1 2 2 2 2 2 2 1 2 2 2 2 2 1 2 2 1 2 2 2 1 2 1 2 2 2 2 2 2 2 2 2 2 2 2 2 2 NA NA
ID_3378 1 2 2 1 1 2 2 2 2 2 2 1 2 2 2 2 2 2 1 2 2 2 2 2 2 1 2 2 2 2 2 1 1 2 2 2 1 2 2 2 2 2 2 2 2 2 2
ID_3387 1 2 2 2 2 2 2 2 2 2 2 1 2 1 2 1 2 2 2 2 2 1 1 2 2 2 2 2 2 2 2 2 2 2 2 2 1 2 2 1 2 2 2 1 2 2 2
ID_3391 1 2 2 1 1 2 1 2 2 2 2 2 2 2 2 2 2 2 2 2 2 2 1 2 2 2 2 NA NA 2 2 1 2 2 2 2 2 1 2 1 1 2 2 2 2 2 2
ID_3399 1 2 2 2 2 2 2 NA NA 2 2 2 2 2 2 2 2 2 2 2 2 2 2 2 2 1 2 NA NA 2 2 1 1 1 2 2 1 2 2 1 2 1 1 2 1 2 2
ID_3412 1 2 2 2 1 2 2 2 2 2 2 2 1 2 2 2 2 2 2 2 2 2 2 2 2 1 2 NA NA 2 2 1 2 1 2 2 2 2 2 2 2 2 2 1 2 2 2
ID_3416 1 2 2 1 2 2 2 NA NA 2 2 2 2 2 2 2 1 2 2 2 2 2 2 2 2 2 2 2 1 2 1 2 1 2 2 2 2 2 2 2 2 2 2 2 2 1 2
ID_3425 1 2 2 2 2 2 2 NA NA 2 1 2 2 2 2 1 2 2 2 2 1 2 2 2 2 2 2 2 2 2 2 1 2 1 2 2 2 2 2 2 2 2 2 1 2 2 2
ID_3431 1 2 2 1 2 2 2 NA NA 1 2 2 1 2 1 1 2 2 2 2 2 1 2 2 2 2 2 2 1 1 1 1 2 2 2 2 2 2 2 2 2 1 1 2 2 2 2
ID_3446 1 2 2 2 1 2 2 NA NA 2 2 2 2 1 2 2 2 2 2 2 2 2 2 2 2 2 2 2 2 2 2 2 1 2 2 2 2 2 2 2 2 2 2 NA NA 2 2
ID_3459 1 2 2 1 1 2 2 NA NA 2 2 1 1 2 2 2 1 2 2 2 2 1 1 2 2 2 2 NA NA 2 1 2 2 2 2 2 2 2 2 1 1 2 2 2 2 2 2
ID_3462 1 2 1 2 1 2 2 2 2 2 2 2 2 2 2 2 2 2 2 2 2 2 1 2 2 2 1 2 2 2 1 1 2 2 2 2 2 2 2 2 1 2 2 NA NA 2 2
ID_3468 1 2 2 1 1 2 2 2 2 1 2 1 2 2 2 2 2 2 2 2 2 2 1 2 2 2 2 2 2 2 2 2 2 2 2 2 2 2 2 2 1 1 2 1 1 2 1
ID_3477 1 2 2 2 1 2 2 2 2 2 1 2 2 2 2 2 2 2 2 2 2 2 1 2 2 2 2 2 2 1 2 1 1 2 2 2 2 2 2 1 1 2 1 2 2 1 2
ID_3480 1 2 2 2 2 2 2 NA NA 1 2 2 2 2 2 2 2 2 2 2 2 2 2 2 2 2 2 2 2 1 2 1 2 2 2 2 2 2 2 2 2 1 1 2 2 2 2
ID_3484 1 1 1 1 1 2 2 NA NA 2 2 2 2 2 2 1 2 2 2 2 2 2 2 2 2 2 2 2 2 2 1 2 1 2 2 2 2 2 2 2 2 2 1 2 2 2 2
ID_3487 1 2 2 1 1 2 2 1 2 2 1 1 2 2 2 1 2 2 2 2 2 2 2 2 1 2 2 2 1 1 2 1 2 2 2 2 2 2 2 1 1 1 2 2 2 2 2
ID_3488 1 2 2 1 1 2 2 2 2 1 2 2 2 2 2 1 2 2 2 2 2 2 2 2 2 1 2 2 2 2 2 2 2 2 2 2 2 2 2 2 2 2 2 2 2 2 1
ID_3497 1 2 2 1 1 2 2 2 2 1 2 2 2 2 2 2 2 2 2 2 2 2 2 1 2 2 2 2 2 2 2 1 2 2 2 2 2 2 2 2 1 2 1 2 2 2 1
ID_3512 1 2 2 1 2 2 2 NA NA 2 1 1 2 2 2 2 1 2 2 2 2 2 2 2 2 2 2 2 1 1 2 1 2 1 2 2 2 2 2 1 2 NA NA 2 2 2 2
ID_3534 1 2 2 1 2 2 2 2 2 1 2 1 1 2 2 1 1 2 2 2 2 1 1 NA NA 2 1 2 2 2 2 2 2 2 2 2 2 2 2 2 2 NA NA 2 2 1 2
ID_3550 1 2 1 2 2 2 2 NA NA 2 2 2 1 1 2 2 2 2 2 2 2 1 2 2 2 2 2 2 2 1 2 2 2 2 2 2 2 2 2 1 2 2 2 1 2 2 2
ID_3556 1 2 2 1 1 2 2 NA NA 2 2 1 2 2 1 1 2 2 2 2 2 2 2 2 2 2 2 2 2 2 2 2 2 2 2 2 2 2 2 1 2 2 2 1 2 2 1
ID_3561 1 2 2 2 1 2 2 2 2 2 1 2 2 1 2 1 2 2 2 2 2 2 2 1 1 2 2 1 2 2 2 2 2 1 2 2 2 2 2 2 2 2 2 2 2 2 2
ID_3563 1 2 2 1 1 2 2 2 1 2 2 2 2 2 1 2 2 2 2 2 2 2 2 1 2 2 2 1 2 1 2 2 2 2 1 2 2 2 2 2 2 2 2 2 2 1 2
ID_3574 1 2 2 2 1 2 2 NA NA 2 2 2 2 1 1 2 2 2 2 2 2 2 1 2 2 2 2 2 2 1 2 1 2 2 2 2 2 1 2 2 2 1 2 2 2 1 2
ID_3577 1 2 2 1 1 2 2 NA NA 1 2 2 2 2 1 1 2 2 2 2 2 2 2 1 2 2 2 NA NA 2 2 2 2 2 2 2 1 2 1 2 2 2 2 NA NA 2 2
ID_3590 1 2 2 2 2 2 2 NA NA 2 2 2 2 1 2 2 1 2 2 2 2 2 2 2 1 1 2 2 2 2 2 2 2 2 2 2 1 1 2 2 2 2 2 2 2 2 1
ID_3601 1 2 1 2 1 2 2 2 2 2 2 2 2 1 2 NA NA 2 2 2 2 1 1 2 1 2 2 2 1 2 2 2 2 2 2 2 2 2 2 2 2 2 2 2 2 2 2
ID_3623 1 2 2 1 2 2 2 1 2 1 2 1 2 2 2 2 2 2 1 2 2 2 2 1 2 1 2 1 2 2 2 2 2 2 2 2 2 2 2 2 1 2 2 2 1 1 2
ID_3647 1 2 2 1 1 2 2 NA NA 2 2 2 2 2 2 2 2 2 2 2 2 1 1 2 2 2 1 1 2 2 2 2 1 2 2 2 2 2 2 1 2 2 2 2 1 NA NA
ID_3663 1 2 2 1 1 2 2 NA NA 2 2 2 2 2 1 2 1 2 2 2 2 2 2 2 2 2 2 2 2 2 2 2 1 2 2 2 2 2 2 2 2 1 1 2 2 2 2
ID_3672 1 2 2 1 1 2 2 1 1 2 2 1 1 2 2 2 2 2 2 2 2 1 2 2 2 2 1 2 2 2 1 1 1 2 2 2 2 2 2 2 2 2 2 NA NA 2 2
ID_3677 1 2 2 2 1 2 2 NA NA 2 2 2 2 2 2 2 2 2 2 2 2 2 2 2 1 2 2 2 2 1 1 2 2 2 2 2 2 2 2 2 2 2 1 2 2 2 1
ID_3682 1 2 2 2 1 2 2 2 2 2 1 2 1 2 2 2 2 2 2 2 2 2 1 2 1 2 1 2 2 1 2 2 1 2 2 2 2 2 2 2 2 2 2 1 1 2 1
ID_3693 1 2 1 1 1 2 2 2 2 2 1 2 2 2 2 2 1 2 2 2 2 2 1 2 2 2 2 2 2 2 2 1 2 2 2 2 2 2 2 2 1 2 2 2 1 2 2
ID_3698 1 2 1 1 1 2 2 2 1 2 2 2 2 2 1 2 2 2 2 2 2 2 2 2 1 2 1 2 2 1 2 1 1 2 2 2 2 2 1 1 1 2 1 1 1 2 2
ID_3702 1 2 2 1 1 2 2 NA NA 1 2 1 2 2 1 2 2 2 2 2 2 2 1 2 1 2 2 NA NA 2 2 1 1 2 2 2 2 2 1 2 2 NA NA 2 1 2 2
ID_3708 1 1 2 2 1 2 1 NA NA 2 2 2 2 2 2 NA NA 2 2 2 2 1 1 2 2 2 2 2 2 2 2 1 1 2 2 2 2 2 2 1 2 1 2 2 2 1 2
ID_3712 1 2 2 1 1 2 2 NA NA 2 1 2 2 1 1 2 1 2 2 2 2 2 2 NA NA 2 2 NA NA 2 2 2 1 2 2 2 2 2 2 2 2 2 2 2 2 2 2
ID_3727 1 2 2 1 1 2 2 1 2 2 2 2 2 2 2 2 1 2 2 2 2 2 1 2 2 2 1 2 1 2 2 1 2 2 2 1 2 2 2 2 2 2 2 2 2 2 2
ID_3728 1 2 2 1 1 2 2 NA NA 1 1 1 2 1 2 2 2 2 2 2 2 2 2 2 2 1 2 2 2 1 2 2 2 1 2 2 2 2 2 1 2 2 2 2 2 2 2
ID_3745 1 1 2 1 1 2 2 2 2 2 2 2 1 2 2 2 2 2 2 2 2 2 2 2 1 2 1 2 2 2 2 2 2 2 2 2 2 2 2 1 2 1 2 2 2 2 1
ID_3750 1 2 2 1 2 2 2 NA NA 2 2 2 2 1 2 2 2 2 2 2 2 1 1 2 2 2 2 NA NA 2 2 1 2 2 2 2 2 1 2 1 2 2 2 2 2 2 1
ID_3772 1 2 2 2 1 2 2 NA NA 1 1 2 2 2 2 2 2 1 2 2 2 1 2 2 2 2 2 1 2 2 2 1 1 2 2 2 2 1 2 2 2 NA NA 2 2 2 2
ID_3775 1 1 2 1 1 2 2 2 2 2 2 2 2 2 2 2 2 2 2 2 2 1 1 2 1 2 1 2 2 1 1 2 2 2 2 2 1 2 1 1 2 2 2 2 1 2 2
ID_3783 1 2 2 2 2 2 2 NA NA 2 2 1 2 2 2 1 2 2 2 2 2 1 1 2 2 2 1 2 2 2 1 2 2 2 2 2 2 2 2 2 1 2 2 2 2 1 2
ID_3784 1 2 2 2 2 1 2 2 2 2 1 2 1 1 2 2 2 2 2 2 2 2 2 2 1 1 2 2 2 2 1 2 2 2 2 2 2 2 2 1 2 2 1 2 2 2 2
ID_3792 1 2 2 1 1 2 2 NA NA 1 2 2 2 2 2 2 2 2 2 2 2 2 2 2 2 2 1 2 2 2 2 2 2 2 2 2 2 2 2 2 1 2 2 2 2 2 2
ID_3793 1 2 2 1 2 2 2 2 1 2 2 2 2 2 2 1 1 2 2 2 2 1 2 1 1 2 2 2 2 2 2 1 2 1 2 1 2 2 2 2 2 2 2 1 1 1 2
ID_3798 1 2 2 1 1 2 2 2 1 2 2 2 2 2 2 2 2 2 1 2 2 1 2 1 2 1 2 2 2 2 2 2 2 2 2 1 2 2 2 2 2 2 1 2 2 2 1
ID_3800 1 2 2 1 1 2 2 2 2 2 2 1 2 1 2 2 1 2 2 2 1 2 2 1 1 2 2 NA NA 2 1 2 2 2 2 1 2 2 1 2 2 2 2 2 1 2 2
ID_3803 1 2 1 2 1 2 2 2 2 2 1 1 1 2 2 2 1 1 1 2 2 2 2 2 2 1 1 2 2 2 1 1 2 2 2 2 2 2 2 2 2 2 2 2 1 NA NA
ID_3814 1 2 2 1 1 2 2 2 2 2 2 2 2 2 1 2 1 2 2 2 2 1 2 NA NA 2 2 2 2 2 1 1 2 2 2 2 2 2 2 2 1 2 2 2 1 2 2
ID_3818 1 2 2 2 2 2 2 2 2 2 2 2 2 2 2 2 2 2 2 2 2 2 2 2 2 2 2 1 2 2 2 1 2 2 2 2 2 2 2 2 2 2 2 2 2 2 2
ID_3826 1 2 2 1 1 2 2 NA NA 1 2 2 2 2 2 1 2 1 2 2 2 2 2 1 2 2 2 2 1 2 1 2 1 2 2 2 2 2 2 1 1 2 2 2 2 2 2
ID_3843 1 2 2 1 1 2 2 NA NA 2 2 2 2 2 2 1 1 2 2 2 2 2 2 2 2 2 1 2 2 2 2 2 2 2 2 2 2 2 2 1 2 2 2 2 2 2 2
ID_3850 1 2 2 1 1 2 2 2 2 2 2 2 2 2 2 1 2 2 2 2 2 2 1 2 2 2 1 2 1 2 1 2 2 2 2 2 2 1 2 1 2 2 2 NA NA 2 2
ID_3867 1 2 2 1 1 2 2 2 2 2 1 2 1 2 2 2 1 2 2 2 2 2 2 2 2 2 2 2 2 2 2 1 2 2 2 2 2 2 2 2 1 2 1 2 2 NA NA
ID_3872 1 2 2 2 2 2 2 NA NA 1 1 2 2 2 2 2 2 2 2 2 2 2 1 2 2 2 2 1 2 2 2 2 2 2 2 2 2 2 2 1 2 2 2 1 1 2 2
ID_3873 1 2 1 1 2 2 2 NA NA 1 2 2 2 2 2 2 2 2 2 2 2 2 2 2 2 2 2 2 2 1 2 2 1 2 2 2 2 2 2 2 2 2 2 2 2 2 2
ID_3877 1 2 2 2 1 2 2 NA NA 1 2 2 2 2 2 2 1 2 2 2 2 2 1 2 2 2 1 1 2 2 2 2 2 2 1 2 2 1 2 1 2 2 2 2 1 2 2
ID_3898 1 2 2 1 1 2 2 2 2 1 2 2 2 2 2 2 1 2 2 2 2 1 2 1 2 1 2 2 2 2 2 1 2 2 2 1 2 2 1 2 2 2 2 NA NA 2 2
ID_3905 1 2 2 1 1 2 1 NA NA 2 2 1 2 2 1 2 2 2 1 2 2 2 2 1 2 1 2 2 2 2 2 2 2 2 2 2 2 2 2 2 2 2 2 1 2 2 2
ID_3915 1 2 2 1 1 2 2 NA NA 2 1 2 2 2 2 2 2 2 2 2 2 2 2 NA NA 1 2 2 2 2 2 2 2 2 2 2 2 2 2 1 2 2 1 2 2 2 2
ID_3929 1 2 2 2 1 2 2 NA NA 2 1 2 2 2 2 2 2 2 2 2 2 2 2 2 2 2 2 2 2 2 2 2 1 2 2 2 2 2 2 2 1 2 2 1 2 2 2
ID_3930 1 1 2 1 2 2 2 2 2 1 2 2 2 2 2 2 2 2 2 2 2 2 2 2 2 1 2 2 2 2 2 2 2 2 2 2 2 2 2 2 2 NA NA 2 1 2 2
ID_3931 1 2 2 2 1 2 2 NA NA 1 2 2 1 2 2 2 2 2 2 2 2 2 2 2 1 2 2 2 2 1 2 2 1 2 1 2 2 2 2 1 1 1 2 2 2 2 2
ID_3936 1 2 2 1 1 2 2 2 2 1 2 1 2 2 2 2 2 2 2 2 2 2 1 2 2 2 2 1 1 1 2 2 2 2 2 2 2 2 2 1 1 1 2 NA NA 2 2
ID_3948 1 1 1 2 2 2 2 2 2 1 2 2 2 1 2 2 2 2 2 2 2 2 1 2 2 2 2 NA NA 2 2 2 1 2 2 2 2 2 2 1 2 2 2 2 2 1 1
ID_3953 1 2 2 1 1 2 2 NA NA 2 1 1 2 2 2 NA NA 2 2 2 2 2 2 2 2 2 2 2 1 2 1 2 2 2 2 2 2 2 2 1 2 2 2 2 2 1 2
ID_3956 1 2 2 2 2 2 2 NA NA 2 1 2 2 2 2 2 2 2 2 2 2 1 2 2 1 2 2 2 2 2 2 2 1 2 2 2 2 1 2 1 2 1 2 2 2 2 2
ID_3959 1 2 2 1 2 2 2 NA NA 2 2 2 2 1 2 2 2 2 2 2 2 2 2 1 2 2 2 1 1 2 2 1 2 2 2 2 2 2 2 1 1 2 2 2 2 2 2
ID_3980 1 2 2 2 1 2 2 2 2 1 2 2 2 2 2 2 2 2 2 2 2 2 2 2 2 2 1 2 2 2 1 1 2 2 2 2 2 2 2 2 2 2 2 2 2 2 1
ID_3992 1 2 2 2 2 2 2 NA NA 2 2 2 2 1 2 2 2 2 2 2 2 2 2 1 2 2 2 2 2 2 2 2 2 2 2 1 2 1 2 2 2 NA NA 2 1 2 2
ID_4008 1 2 2 1 1 2 2 2 2 1 2 2 1 2 2 2 2 2 2 2 2 2 2 1 2 2 2 1 1 2 2 2 2 2 2 2 2 2 2 1 2 1 1 2 2 2 2
ID_4010 1 2 2 2 1 2 1 1 2 2 2 2 2 1 2 2 2 2 2 2 2 1 2 2 2 1 1 2 2 2 2 2 1 2 2 2 2 2 2 1 2 2 2 2 2 NA NA
ID_4020 1 2 2 1 1 2 2 NA NA 1 2 2 2 2 2 2 2 2 2 2 2 2 2 2 2 2 2 1 2 2 2 2 2 2 2 2 2 2 2 2 2 2 2 2 1 2 2
ID_4025 1 2 2 2 1 2 2 2 2 2 2 2 2 2 2 1 2 2 2 2 2 2 2 2 1 1 2 2 2 2 1 2 1 2 2 2 2 2 2 2 2 2 2 2 2 2 2
ID_4034 1 2 2 2 2 2 2 1 2 2 2 1 2 2 2 2 1 2 2 2 2 2 2 2 1 2 1 2 2 2 1 -9 -9 2 2 2 1 2 1 2 2 1 2 2 2 2 2
ID_4041 1 2 2 1 1 2 2 NA NA 2 2 2 2 2 2 2 2 2 2 2 2 2 1 2 2 2 1 NA NA 2 2 2 2 2 2 1 2 2 2 2 2 1 2 2 1 2 1
ID_4043 1 1 2 1 2 2 2 NA NA 1 2 2 1 1 2 2 2 2 1 2 2 2 2 2 2 2 2 2 2 1 2 1 2 2 2 2 1 2 2 2 1 NA NA 2 2 2 1
ID_4058 1 2 2 2 2 2 2 2 2 2 2 2 2 1 2 2 1 2 2 2 2 1 1 2 2 2 1 2 2 2 2 2 2 2 2 2 2 2 2 2 1 2 2 2 2 2 2
ID_4059 1 2 2 2 1 2 2 NA NA 2 1 2 2 2 1 1 2 2 2 2 2 1 2 1 2 2 1 1 1 1 2 2 1 2 2 2 2 2 2 2 1 2 2 2 2 2 2
ID_4108 1 2 2 2 1 2 2 NA NA 2 1 2 2 2 2 2 2 2 2 2 2 2 2 1 2 2 2 2 2 1 2 2 2 2 2 2 2 2 2 2 1 2 1 2 2 2 2
ID_4109 1 2 1 2 1 2 2 2 2 2 2 2 2 2 2 2 2 2 2 2 2 2 2 NA NA 2 2 2 1 2 2 2 1 2 2 2 2 2 2 1 1 2 2 2 2 2 2
ID_4113 1 2 2 1 1 2 2 NA NA 2 2 2 2 2 1 2 2 2 2 2 2 2 1 2 2 1 2 2 2 2 2 2 2 2 2 2 2 2 2 2 1 1 1 1 2 2 2
ID_4115 1 2 2 1 2 2 2 NA NA 1 2 2 2 2 2 2 1 2 2 2 2 2 2 2 1 2 1 2 2 2 2 1 2 2 2 2 1 2 2 2 2 2 2 1 2 2 2
ID_4127 1 2 2 2 2 2 2 2 2 2 2 2 2 2 2 1 1 2 2 2 2 1 1 2 2 2 2 2 2 1 2 2 2 1 2 2 2 1 2 1 2 2 2 2 2 2 2
ID_4135 1 2 2 2 1 1 2 2 2 2 2 2 2 2 2 1 1 2 2 2 2 2 2 1 2 2 2 2 2 1 2 2 2 2 2 2 1 2 1 2 2 2 2 1 1 2 2
ID_4147 1 2 2 2 1 2 2 2 2 2 1 2 2 1 2 2 2 2 2 2 2 2 2 2 1 2 2 2 1 2 2 1 2 2 2 2 2 2 2 1 1 1 1 2 1 2 2
ID_4150 1 1 2 1 2 1 2 NA NA 2 2 2 2 2 2 2 1 2 2 2 2 1 2 2 2 2 2 2 2 1 2 2 2 2 2 1 2 1 2 1 2 2 2 2 1 1 2
ID_4190 1 2 2 1 1 2 2 NA NA 1 1 2 1 2 2 2 2 2 2 2 2 2 2 2 2 2 2 2 2 2 2 2 1 2 2 2 1 2 2 2 2 2 1 2 2 2 2
ID_4214 1 2 2 1 1 2 2 2 2 2 2 2 2 2 1 1 2 2 2 2 2 2 2 2 2 2 2 1 2 2 1 1 2 2 2 2 2 2 2 2 2 2 2 2 2 2 2
ID_4219 1 2 2 1 2 2 2 NA NA 2 2 2 1 2 2 2 1 2 2 2 2 2 2 2 1 2 2 2 2 2 2 2 2 2 2 2 2 2 2 2 2 NA NA 2 2 1 2
ID_4226 1 2 2 2 1 2 1 2 2 1 1 2 2 2 2 1 2 2 2 2 2 2 2 2 2 2 2 1 2 2 1 2 2 2 2 2 2 2 2 1 1 2 2 1 2 2 1
ID_4228 1 2 2 1 2 2 2 1 2 2 2 2 1 2 2 2 2 2 2 2 2 1 2 2 1 2 2 1 2 2 2 2 2 1 2 2 2 2 2 1 1 1 2 2 1 1 1
ID_4230 1 2 2 2 2 2 2 NA NA 1 2 2 2 2 2 2 2 2 2 2 2 2 2 2 2 2 2 2 2 1 2 2 2 2 2 2 1 2 2 2 2 2 1 2 2 2 1
ID_4234 1 2 2 1 1 2 2 2 2 1 1 2 2 2 2 2 2 2 2 2 2 1 2 2 2 1 2 2 1 2 1 2 1 2 2 2 2 2 2 2 2 NA NA 1 2 2 2
ID_4235 1 2 2 2 1 2 2 NA NA 1 2 2 2 2 2 2 2 2 2 2 2 2 1 2 2 2 2 2 2 2 2 2 2 2 2 2 2 2 2 1 1 1 2 2 2 2 2
ID_4240 1 2 2 1 1 2 1 1 2 1 1 2 2 2 2 2 2 2 2 2 2 2 2 2 2 2 2 2 2 1 2 2 1 2 2 2 2 2 1 2 2 2 1 2 2 2 1
ID_4245 1 2 2 2 1 2 2 2 2 2 2 1 2 2 2 2 2 2 2 2 2 2 2 2 2 2 2 2 2 1 1 2 2 2 2 2 2 2 2 2 2 2 2 2 2 2 1
ID_4250 1 2 2 1 1 2 2 NA NA 1 1 1 1 2 2 -9 -9 2 2 2 2 2 2 2 2 2 1 2 2 2 2 2 1 2 2 2 2 2 2 2 2 2 2 2 2 2 1
ID_4263 1 2 1 1 2 2 2 NA NA 2 2 2 2 2 2 -9 -9 2 2 2 2 1 2 2 2 2 2 2 1 2 2 1 1 2 2 2 2 2 2 2 1 1 2 2 2 1 2
ID_4265 1 2 2 1 1 2 2 NA NA 2 2 2 2 1 1 2 2 2 2 2 2 1 2 2 1 2 1 2 2 2 2 1 2 2 2 2 2 2 1 1 2 2 2 2 1 2 2
ID_4282 1 2 2 1 2 2 2 1 2 2 2 1 2 1 2 2 2 2 2 2 2 2 2 2 2 2 2 2 2 2 1 1 2 2 2 2 2 2 2 2 2 2 2 2 2 1 1
ID_4284 1 2 2 1 2 1 2 1 2 2 1 2 2 2 2 2 2 2 2 2 2 2 2 1 2 1 2 2 2 2 1 1 2 2 2 2 2 2 2 2 1 1 1 2 2 1 2
ID_4285 1 2 2 1 2 2 2 2 2 2 1 1 2 1 2 2 2 2 2 2 2 2 2 1 2 2 2 NA NA 2 2 2 1 2 2 2 2 1 2 2 2 2 2 2 2 2 2
ID_4289 1 2 2 2 1 2 2 NA NA 2 1 1 2 1 2 2 2 2 2 2 2 1 1 2 2 2 2 2 2 2 2 1 1 2 1 2 2 2 2 2 1 2 2 2 2 2 2
ID_4299 1 2 2 1 2 2 2 1 2 2 2 2 2 2 2 1 1 2 2 2 2 2 1 1 2 2 2 2 2 1 2 2 1 2 2 2 2 2 2 1 1 2 2 2 2 1 1
ID_4301 1 1 2 2 2 2 2 2 2 1 1 2 2 1 2 1 2 2 2 2 2 2 2 2 1 1 2 1 2 2 2 2 2 2 2 2 2 2 2 2 2 2 2 2 2 2 2
ID_4305 1 2 2 2 1 2 2 NA NA 2 1 2 2 1 2 1 2 2 2 2 2 2 2 2 2 2 2 NA NA 2 1 2 2 2 2 2 2 2 2 2 1 2 2 2 2 2 1
ID_4306 1 2 2 2 2 2 2 2 2 2 2 2 2 2 2 2 2 2 2 2 2 1 1 1 2 2 2 2 1 1 1 1 2 2 2 2 2 2 2 2 1 2 2 2 2 2 2
ID_4313 1 2 2 2 1 2 2 2 2 2 2 1 2 2 2 2 2 2 2 2 2 2 2 2 2 2 1 2 2 2 2 1 1 2 2 2 2 2 2 2 2 2 2 2 2 1 2
ID_4317 1 2 2 2 1 2 2 1 1 2 2 2 2 1 2 2 2 2 1 2 2 2 2 2 2 1 2 2 2 2 2 1 1 2 2 2 2 2 2 1 2 1 2 2 2 2 2
ID_4353 1 2 1 2 2 2 2 NA NA 1 2 2 2 2 2 1 2 2 2 2 2 1 2 1 2 2 2 1 2 2 1 1 1 2 2 2 2 2 2 1 2 2 2 2 2 2 1
ID_4356 1 2 2 2 2 2 2 2 2 1 1 2 2 2 2 1 2 2 1 2 2 2 2 2 2 2 2 2 2 1 1 2 1 2 2 2 2 2 2 1 2 NA NA 2 2 2 1
ID_4359 1 2 2 1 2 2 2 2 2 2 2 2 2 2 2 2 2 2 2 2 2 2 2 2 2 1 2 2 2 1 2 2 1 1 2 2 2 2 2 2 1 2 2 2 2 2 2
ID_4362 1 2 2 2 1 2 2 NA NA 2 2 2 2 2 2 1 2 2 2 2 2 2 2 2 1 2 2 2 2 2 2 2 2 2 2 2 2 2 2 2 1 2 2 2 2 2 1
ID_4376 1 2 1 2 1 2 2 NA NA 2 2 1 1 2 1 2 2 2 2 2 2 2 2 2 2 2 2 2 2 2 1 2 2 2 1 2 2 1 2 2 1 NA NA 2 2 2 2
ID_4398 1 2 1 1 2 2 2 2 2 2 2 2 1 2 1 2 2 2 2 2 2 2 2 2 2 2 1 2 2 1 2 2 2 2 2 2 2 2 2 2 1 2 2 2 2 1 2
ID_4403 1 2 2 2 1 2 2 NA NA 2 2 2 2 1 2 2 2 2 2 2 2 2 2 2 2 2 2 2 1 2 2 -9 -9 2 2 2 2 2 2 2 1 1 2 2 2 2 2
ID_4410 1 2 2 1 2 2 2 2 2 2 2 2 2 2 2 2 2 2 2 2 2 2 2 2 1 2 2 NA NA 1 2 2 1 2 2 2 2 2 2 1 1 2 2 2 1 2 2
ID_4419 1 2 1 1 2 2 2 2 2 1 2 1 2 2 2 2 2 1 2 2 2 2 2 2 2 2 2 NA NA 1 2 1 2 2 2 2 2 2 2 2 1 1 2 1 2 2 2
ID_4434 1 2 2 2 2 2 2 NA NA 1 1 2 2 2 2 2 2 2 2 2 2 2 2 2 2 1 2 2 2 2 2 1 2 2 2 2 2 2 2 1 2 2 2 2 1 1 1
ID_4445 1 2 2 1 1 2 1 NA NA 1 1 2 2 2 2 NA NA 2 2 2 2 2 2 2 2 2 2 2 2 2 2 1 2 2 2 2 2 2 1 2 2 2 1 2 2 2 2
ID_4461 1 1 1 2 2 2 2 2 2 1 1 2 2 2 2 2 2 1 2 2 2 1 2 2 2 2 1 NA NA 1 2 2 2 2 2 2 2 2 2 2 1 2 2 NA NA 2 2
ID_4467 1 2 2 1 1 2 2 2 1 1 1 1 2 2 2 2 2 2 2 2 2 2 2 2 2 2 2 2 2 2 2 2 1 2 2 1 2 2 2 2 2 2 2 2 2 2 2
ID_4476 1 2 2 1 1 1 2 NA NA 2 2 2 1 2 2 2 1 2 2 2 2 2 2 2 2 1 2 2 2 1 1 1 1 2 2 2 2 2 1 2 2 1 2 2 2 2 2
ID_4507 1 2 1 1 1 2 2 NA NA 1 1 2 2 2 2 2 2 2 2 2 2 2 2 2 2 2 2 1 1 2 1 1 2 2 2 2 2 2 2 2 2 2 2 2 2 2 2
ID_4522 1 2 2 1 2 2 2 NA NA 2 2 1 2 1 2 1 2 2 2 2 2 2 1 2 2 2 1 1 2 1 2 1 2 2 2 2 2 2 2 2 1 2 2 2 1 1 2
ID_4541 1 2 1 1 2 2 2 NA NA 1 1 2 1 1 1 2 1 2 2 2 2 2 2 1 2 2 2 2 2 2 2 2 2 2 2 2 2 2 2 2 2 2 2 2 1 2 2
ID_4546 1 2 2 1 1 2 2 1 2 2 2 2 2 2 2 2 1 2 2 1 2 2 2 2 2 2 1 1 1 2 2 2 1 2 2 2 2 1 2 2 1 2 1 2 2 2 1
ID_4566 1 2 2 1 1 2 2 2 2 1 1 2 2 2 2 2 2 2 2 2 2 2 2 2 2 2 2 2 2 1 2 1 2 2 2 2 2 2 2 1 2 2 2 2 2 2 2
ID_4573 1 2 1 2 1 2 2 2 2 2 2 2 2 2 2 2 2 2 2 2 2 1 2 2 2 2 2 2 2 2 2 1 2 2 2 2 2 2 2 2 2 2 2 2 2 2 2
ID_4588 1 2 2 1 2 2 2 1 2 2 1 1 2 2 2 1 2 2 2 2 2 2 1 2 1 2 2 2 2 2 2 1 2 2 2 2 2 2 2 2 2 2 2 2 2 2 1
ID_4594 0 2 2 2 2 2 2 NA NA 1 1 2 2 2 2 2 1 2 2 2 2 2 2 2 1 1 2 2 2 2 2 2 2 2 2 2 2 2 2 2 2 2 2 2 2 NA NA
ID_4619 0 2 2 2 2 2 2 NA NA 2 2 2 2 2 2 2 2 2 2 2 2 2 2 2 1 2 2 2 1 2 2 2 2 2 2 2 2 2 2 2 2 2 2 2 1 2 2
ID_4628 0 2 2 1 2 2 2 NA NA 2 2 2 2 2 2 2 2 2 2 2 2 2 2 2 2 2 2 2 2 1 2 2 2 2 2 2 2 2 2 2 2 1 2 NA NA 2 2
ID_4632 0 2 2 1 2 2 2 2 2 2 2 1 2 2 2 1 2 2 2 2 2 1 2 1 1 1 2 2 1 2 2 2 2 2 2 2 2 2 2 2 2 2 2 2 2 2 1
ID_4634 0 2 2 2 2 2 2 2 2 2 2 2 2 2 2 1 2 2 2 2 2 2 2 2 2 2 1 2 2 2 2 2 2 1 2 2 2 2 2 1 2 2 2 1 2 2 2
ID_4644 0 2 2 1 2 2 2 NA NA 2 2 2 2 2 1 NA NA 2 1 2 2 2 2 2 2 1 2 2 2 2 2 2 2 2 2 2 2 1 2 1 2 2 2 2 2 1 2
ID_4665 0 2 2 1 2 2 2 2 2 2 2 2 1 2 2 2 2 2 2 2 2 2 2 2 2 2 2 2 2 2 2 1 2 2 2 1 2 2 2 2 2 2 1 2 2 2 2
ID_4680 0 2 2 1 2 2 2 2 2 2 2 2 2 2 2 NA NA 2 2 2 2 2 1 1 2 2 1 2 2 2 2 2 2 2 2 2 1 2 2 1 2 2 2 1 2 1 1
ID_4687 0 2 2 2 1 2 2 NA NA 1 1 2 2 1 1 NA NA 2 2 2 2 2 2 2 2 2 2 2 2 1 2 1 2 2 2 2 2 1 2 2 1 2 2 2 2 NA NA
ID_4692 0 2 2 2 1 2 2 2 2 2 2 2 2 2 2 2 2 2 2 2 2 2 2 1 1 2 1 2 2 2 2 2 2 2 2 2 2 2 2 1 1 1 2 2 2 1 2
ID_4700 0 2 2 2 2 2 2 1 2 2 2 1 1 2 2 1 2 2 2 2 2 2 1 2 2 1 2 1 2 2 2 2 2 2 2 2 2 2 2 1 2 2 2 2 1 2 2
ID_4702 0 2 2 2 1 2 2 2 2 1 2 2 2 2 1 2 2 2 1 2 2 2 2 2 2 2 2 2 2 2 2 2 1 2 2 2 2 1 2 1 2 2 1 2 1 2 2
ID_4704 0 2 2 2 2 2 2 2 2 1 2 2 2 2 2 1 1 2 2 2 2 2 2 NA NA 2 2 2 2 2 2 2 2 2 2 1 2 2 2 1 2 2 1 2 2 2 2
ID_4709 0 2 2 2 1 2 2 2 2 2 2 2 2 1 2 2 2 2 2 2 2 2 2 1 2 2 2 2 2 2 2 2 2 2 2 2 2 2 2 2 1 NA NA 2 2 2 2
ID_4715 0 2 1 2 1 2 2 NA NA 2 2 2 2 2 1 2 2 2 2 2 2 2 2 NA NA 2 2 2 2 1 2 2 2 2 2 2 2 2 2 1 2 NA NA 2 2 1 2
ID_4733 0 2 2 1 2 2 2 2 2 2 2 2 2 2 2 2 2 2 2 2 2 2 2 2 2 2 2 2 2 1 2 2 2 2 2 2 2 2 1 1 2 2 2 2 2 2 1
ID_4739 0 2 2 2 2 2 2 NA NA 2 1 2 2 2 1 2 2 1 2 2 2 1 2 2 2 2 2 2 2 2 2 2 2 2 2 2 2 2 2 2 1 2 2 NA NA 2 2
ID_4755 0 2 2 1 1 2 2 2 2 1 2 2 2 2 2 2 2 2 2 2 2 1 2 2 2 2 2 1 2 2 2 2 2 2 2 2 2 2 2 2 2 2 2 2 2 NA NA
ID_4761 0 2 2 1 2 2 2 NA NA 2 2 2 2 2 2 2 2 2 2 2 2 2 2 2 2 2 2 2 2 2 2 2 2 2 2 2 2 2 2 2 1 NA NA 1 2 2 2
ID_4777 0 2 2 2 1 2 2 NA NA 2 2 2 2 2 2 2 2 2 2 2 2 1 2 2 2 2 2 2 2 2 2 2 2 1 2 2 2 1 1 1 1 2 2 NA NA NA NA
ID_4780 0 1 2 2 2 2 2 NA NA 2 2 2 2 2 2 2 2 2 2 2 2 1 1 1 2 2 2 2 2 2 2 2 1 2 2 2 2 1 2 2 1 2 2 2 2 2 2
ID_4796 0 2 2 1 1 2 2 NA NA 2 2 2 2 2 2 2 1 2 2 2 2 2 2 2 2 1 1 2 2 2 1 2 2 2 2 2 2 2 2 2 2 2 2 2 2 NA NA
ID_4809 0 1 2 2 2 2 2 2 2 2 2 2 2 2 2 2 1 2 2 2 2 2 2 2 2 2 2 2 2 2 2 2 1 2 2 2 1 2 2 1 2 1 2 2 2 2 2
ID_4848 0 2 2 2 2 2 2 2 2 2 1 2 2 2 2 2 2 2 2 2 1 2 2 2 2 2 2 2 2 2 2 2 2 2 2 2 2 2 2 2 2 NA NA 2 1 1 2
ID_4851 0 2 2 2 1 2 2 NA NA 1 1 2 2 2 2 2 2 2 2 2 2 2 1 1 2 2 1 2 2 2 2 2 2 2 2 2 1 2 2 2 2 1 2 2 1 2 2
ID_4854 0 2 2 1 2 2 2 NA NA 2 2 2 1 2 2 2 2 2 2 2 2 2 2 NA NA 2 1 2 1 2 2 2 1 2 2 2 2 1 2 2 2 NA NA 1 2 NA NA
ID_4872 0 2 1 1 2 2 2 NA NA 1 2 2 2 2 2 2 2 1 2 2 2 2 2 NA NA 2 1 2 2 2 2 2 2 2 2 2 2 2 2 2 1 2 1 2 2 2 2
ID_4923 0 2 2 2 2 2 2 2 2 1 2 2 2 2 2 2 2 2 2 2 2 2 1 NA NA 2 2 2 2 2 2 2 2 2 2 2 2 1 2 1 1 2 2 1 1 NA NA
ID_4924 0 2 2 2 2 2 2 NA NA 2 2 1 2 1 2 1 2 2 2 2 2 2 2 1 2 2 2 2 2 2 2 2 2 2 2 2 2 2 2 2 1 2 2 2 2 2 2
ID_4926 0 2 2 2 2 2 2 NA NA 2 2 2 2 2 2 NA NA 2 2 2 2 2 2 NA NA 2 2 2 2 2 2 2 1 2 1 2 2 2 2 2 2 1 1 2 2 2 1
ID_4930 0 2 2 2 2 2 2 NA NA 2 2 2 2 2 2 1 2 2 2 2 2 2 2 2 2 2 2 2 2 2 2 2 1 2 2 2 2 1 2 1 2 2 2 1 1 NA NA
ID_4949 0 2 2 2 1 2 2 NA NA 2 2 2 2 2 1 2 1 2 2 2 2 2 2 2 2 2 2 2 2 2 2 2 2 2 2 2 1 2 2 2 1 2 1 2 2 2 2
ID_4958 0 2 2 1 2 2 2 NA NA 2 2 2 2 1 2 2 2 2 2 2 2 1 2 1 1 1 2 2 2 2 2 2 2 2 2 2 2 2 2 2 2 2 2 1 2 2 2
ID_4983 0 2 2 1 2 2 2 2 2 2 1 2 2 2 1 2 1 2 2 2 2 2 2 1 2 1 2 2 2 2 1 2 2 2 2 2 2 2 2 2 2 NA NA 2 2 NA NA
ID_4987 0 2 2 2 1 2 2 NA NA 2 2 2 1 1 2 2 2 1 2 2 2 2 2 2 2 2 2 2 2 2 2 2 2 2 2 2 2 2 1 1 2 2 2 2 2 2 2
ID_5001 0 2 2 2 1 2 2 NA NA 2 2 2 2 2 2 NA NA 2 2 2 2 1 2 2 2 2 2 2 2 2 2 2 2 2 2 2 2 2 2 2 2 2 2 2 2 2 2
ID_5003 0 2 2 1 2 2 2 2 2 2 2 2 2 2 2 2 2 2 2 2 2 1 2 NA NA 2 2 2 2 2 2 2 2 2 2 2 2 2 2 2 2 2 2 2 2 2 2
ID_5018 0 2 1 2 2 2 2 NA NA 1 2 2 2 1 2 2 2 1 2 2 2 2 2 2 2 2 2 2 1 2 2 1 1 2 2 2 2 2 2 1 1 2 1 2 2 2 2
ID_5027 0 1 2 2 1 2 2 2 2 2 2 1 2 2 2 2 2 2 2 2 2 2 2 2 2 2 2 2 2 2 1 2 2 2 2 2 2 2 2 2 2 2 2 2 2 2 2
ID_5028 0 2 2 2 1 2 2 NA NA 1 2 2 2 2 1 2 1 2 2 2 2 2 2 2 2 2 2 2 2 2 2 1 2 2 2 2 2 1 2 2 2 2 2 2 1 2 2
ID_5037 0 2 2 2 2 2 1 2 2 2 2 2 2 2 2 2 2 2 2 2 2 2 1 1 2 2 1 2 2 2 2 2 2 2 2 2 2 2 2 2 2 NA NA 1 2 1 2
ID_5048 0 2 2 2 2 2 2 NA NA 2 2 2 2 2 1 2 1 2 2 2 2 2 1 1 2 2 2 2 2 2 2 1 2 2 2 2 2 2 2 2 1 2 2 2 2 2 2
ID_5051 0 2 2 2 1 2 2 NA NA 1 2 2 2 2 2 1 2 2 2 2 2 1 2 2 2 2 1 2 2 2 2 2 2 2 2 2 2 2 2 2 2 2 2 2 1 1 2
ID_5081 0 2 2 2 2 2 2 NA NA 2 2 2 2 2 2 2 2 1 2 2 2 2 2 2 2 2 2 2 2 2 2 2 2 2 2 2 2 2 2 1 1 1 2 2 2 NA NA
ID_5103 0 2 1 1 1 2 2 2 2 2 1 1 2 2 2 2 2 2 2 2 2 2 2 1 1 2 2 2 1 2 2 2 2 2 2 2 2 2 1 1 1 2 2 2 2 2 2
ID_5127 0 2 1 2 2 2 2 NA NA 1 2 2 1 2 2 1 1 2 2 2 2 2 2 1 2 2 2 2 2 2 2 2 1 2 2 2 2 2 2 1 1 1 2 2 2 2 2
ID_5135 0 2 2 1 2 2 2 NA NA 1 2 2 1 2 2 2 2 2 2 2 2 2 2 1 2 2 1 2 2 2 2 2 2 2 2 2 2 2 2 2 1 2 2 2 2 1 1
ID_5139 0 2 2 1 1 2 2 NA NA 2 2 2 2 2 2 2 2 2 2 2 2 2 2 2 2 2 2 2 2 2 2 1 2 2 2 2 2 2 2 1 2 2 2 2 1 1 2
ID_5155 0 2 2 1 2 2 2 2 2 1 2 2 2 2 1 NA NA 2 2 2 2 2 2 2 2 2 2 2 2 2 2 1 1 2 2 2 2 2 2 1 2 2 2 1 2 2 2
ID_5166 0 2 2 1 2 2 2 2 2 1 2 2 1 2 2 2 1 2 2 2 2 2 2 2 1 1 2 2 2 2 2 2 1 2 2 2 2 2 2 2 2 2 2 2 2 NA NA
ID_5167 0 2 2 1 1 2 2 2 2 1 2 2 2 2 1 NA NA 2 2 2 2 2 2 2 2 2 2 2 2 2 2 2 2 2 1 2 2 2 2 2 2 2 2 2 2 NA NA
ID_5174 0 2 2 1 2 2 2 NA NA 1 2 2 2 2 2 2 2 2 2 2 2 2 2 NA NA 2 2 2 2 2 2 2 2 2 2 2 1 2 2 1 2 2 2 1 2 NA NA
ID_5207 0 1 2 2 2 2 2 2 2 2 1 2 1 2 2 2 2 2 2 2 2 2 1 1 2 2 1 2 2 2 2 1 1 1 2 1 2 2 2 2 2 2 2 2 2 2 2
ID_5249 0 2 2 2 1 2 1 NA NA 2 1 2 2 2 2 NA NA 2 2 2 2 2 2 2 2 2 2 2 2 2 2 2 2 2 2 2 2 2 2 2 1 2 2 1 1 2 2
ID_5252 0 1 2 1 2 2 2 2 2 2 2 2 2 2 2 2 2 2 2 2 2 2 2 2 2 2 2 2 2 2 2 2 2 2 2 2 2 2 2 2 1 1 2 NA NA NA NA
ID_5257 0 2 2 2 2 2 2 2 2 2 1 2 2 2 2 NA NA 2 2 2 2 2 2 2 2 2 2 2 2 2 2 2 2 2 2 2 2 2 2 1 2 2 1 2 2 NA NA
ID_5265 0 2 1 2 1 2 2 2 2 1 2 2 2 2 2 2 2 2 2 2 2 2 2 NA NA 2 2 2 2 2 2 2 2 2 2 2 2 2 2 2 2 1 2 2 2 2 2
ID_5278 0 2 2 2 1 1 2 NA NA 1 2 2 2 2 2 2 2 2 1 2 2 2 2 2 2 2 2 2 1 2 2 2 2 1 2 2 2 2 2 1 1 1 2 2 1 2 1
ID_5291 0 2 2 2 2 2 2 NA NA 2 2 2 2 2 2 2 2 2 2 2 2 2 1 NA NA 2 2 2 2 2 1 2 1 2 2 2 2 2 2 2 1 2 2 1 2 2 2
ID_5303 0 2 1 1 2 2 1 NA NA 2 2 2 2 2 2 1 2 2 2 2 2 2 1 2 2 2 2 2 2 2 1 1 1 2 2 2 2 2 1 1 1 2 1 2 2 2 2
ID_5304 0 2 2 2 2 2 2 NA NA 1 2 2 2 2 2 2 2 2 2 2 2 1 1 2 1 2 2 2 2 2 2 1 2 2 2 2 2 2 2 2 2 2 2 2 2 2 2
ID_5309 0 2 2 2 2 2 2 NA NA 1 2 2 2 2 2 2 2 2 2 2 2 2 1 2 1 2 2 2 2 2 1 2 2 2 2 2 2 2 2 2 1 1 2 1 2 2 2
ID_5325 0 2 2 1 1 2 2 2 2 2 2 2 2 2 2 1 2 2 2 2 2 1 2 NA NA 2 2 2 1 2 2 2 2 2 2 1 2 2 2 2 1 2 1 2 2 2 2
ID_5327 0 2 2 1 2 2 2 2 2 2 2 2 2 2 1 2 1 2 2 2 2 2 2 1 2 2 2 2 2 2 2 2 2 2 2 2 2 2 2 2 1 2 2 2 2 2 1
ID_5334 0 2 2 2 1 2 2 NA NA 1 2 2 2 2 2 2 2 2 2 2 2 2 2 NA NA 2 2 2 2 2 2 2 2 2 2 2 2 2 2 2 2 1 2 2 2 1 2
ID_5345 0 2 2 2 1 2 2 2 2 2 2 2 2 2 2 2 2 2 2 2 2 2 2 1 2 2 2 1 2 2 2 1 2 2 2 2 2 2 2 1 1 1 2 2 2 1 2
ID_5349 0 2 2 2 1 2 2 NA NA 2 2 2 2 2 2 2 2 2 2 2 2 2 1 2 1 2 2 2 2 2 2 2 2 2 2 2 2 2 2 2 1 NA NA 2 2 2 2
ID_5353 0 2 2 2 2 2 1 NA NA 2 2 2 1 2 2 2 1 2 2 2 2 1 2 2 2 2 2 2 2 2 1 2 2 2 2 2 2 2 2 2 2 2 2 2 1 NA NA
ID_5360 0 2 2 2 2 2 2 2 2 2 2 2 2 2 1 NA NA 2 2 2 2 2 2 2 2 2 1 2 2 2 2 2 1 2 2 2 2 2 2 2 1 2 2 2 2 2 2
ID_5367 0 2 1 2 1 2 2 NA NA 2 2 2 2 2 2 2 2 2 2 2 2 1 1 2 2 1 2 2 1 1 2 1 2 2 2 1 2 2 2 2 2 1 2 2 2 2 2
ID_5372 0 2 2 2 2 2 2 2 2 1 2 2 2 2 2 2 2 2 2 2 2 1 2 2 2 2 1 2 1 2 2 1 2 2 2 2 2 2 1 2 2 2 2 1 2 2 1
ID_5374 0 2 1 2 1 2 2 2 2 2 2 1 2 2 1 1 2 2 2 2 2 2 2 NA NA 1 1 2 2 2 2 2 2 2 2 2 2 2 2 2 2 NA NA 2 2 2 2
ID_5382 0 2 2 2 2 2 2 NA NA 2 2 2 2 2 2 2 2 2 2 2 2 2 2 2 2 2 2 2 2 2 2 2 2 2 2 2 2 2 2 1 2 2 2 2 2 2 2
ID_5385 0 2 2 2 2 2 2 NA NA 2 1 2 2 2 2 2 2 2 2 2 2 2 1 2 2 2 1 2 1 2 2 2 2 2 2 2 2 2 1 2 1 2 2 NA NA 2 2
ID_5388 0 1 2 2 2 2 2 2 2 2 1 2 2 2 2 2 2 2 2 2 2 2 2 2 1 1 1 2 2 2 2 2 2 2 2 2 2 2 2 1 1 2 2 2 2 2 2
ID_5389 0 2 2 2 1 2 2 2 2 2 2 1 2 2 2 2 2 2 2 2 1 1 1 NA NA 2 2 2 2 1 2 2 2 2 2 1 2 2 2 1 2 2 2 2 2 2 1
ID_5397 0 2 2 1 1 2 2 NA NA 2 2 2 2 2 2 2 2 2 2 2 2 2 1 2 2 2 2 2 2 2 2 2 2 2 2 2 2 2 2 1 1 2 2 2 1 1 2
ID_5399 0 2 2 2 2 2 2 NA NA 2 2 2 2 2 2 2 2 2 2 2 2 2 2 2 2 2 2 2 2 2 2 1 2 2 2 2 1 2 2 2 2 2 2 NA NA NA NA
ID_5407 0 1 1 1 2 2 2 NA NA 2 2 2 2 2 2 2 2 2 2 2 2 2 2 2 1 1 2 2 2 2 2 2 2 1 2 2 1 2 2 2 1 2 2 2 2 2 1
ID_5426 0 2 2 1 2 2 1 2 2 1 2 2 2 2 2 2 2 2 2 2 2 1 2 2 2 2 2 1 2 2 2 2 1 2 2 2 2 2 2 2 2 2 2 2 2 1 1
ID_5437 0 2 2 2 2 2 2 NA NA 2 1 1 2 2 2 2 2 2 2 2 2 1 2 2 2 1 2 2 2 1 2 1 2 2 2 1 2 2 2 1 2 2 1 2 2 2 1
ID_5480 0 2 1 2 2 2 2 NA NA 2 1 2 2 2 1 1 2 2 2 2 2 2 1 1 2 2 2 2 1 2 2 2 2 2 2 1 2 2 2 2 2 2 2 NA NA NA NA
ID_5486 0 2 1 2 2 2 2 NA NA 1 2 2 2 2 2 1 2 2 2 2 2 2 2 NA NA 2 1 1 2 2 2 2 2 2 2 1 2 2 1 1 2 2 2 2 2 NA NA
ID_5490 0 2 2 1 2 2 2 NA NA 2 2 2 2 2 2 2 2 2 2 2 2 2 2 2 2 1 2 2 2 2 2 2 2 2 2 2 2 1 2 2 1 1 2 1 1 1 2
ID_5501 0 2 2 2 1 2 2 NA NA 2 2 2 2 1 2 1 2 2 2 2 2 2 1 2 2 1 1 2 2 2 2 1 2 1 2 2 2 2 2 2 1 2 2 2 2 2 2
ID_5502 0 2 2 1 2 2 2 2 2 2 1 2 2 2 2 1 1 2 2 2 2 2 2 2 1 2 1 2 2 2 2 2 2 2 2 2 2 2 2 1 2 2 2 2 2 1 2
ID_5509 0 2 2 2 1 2 2 2 1 1 2 2 1 2 2 1 2 2 2 2 2 2 2 1 1 2 2 2 2 2 2 2 2 2 2 2 1 1 2 2 1 2 2 2 2 NA NA
ID_5513 0 2 1 2 2 2 2 NA NA 1 2 2 2 2 2 2 1 2 2 2 2 2 2 2 2 1 2 2 2 2 2 2 2 2 2 2 2 2 2 1 1 2 2 NA NA 2 2
ID_5526 0 1 2 2 2 2 1 NA NA 2 1 2 2 2 2 2 2 2 2 2 2 2 1 2 2 2 2 2 2 1 2 2 1 2 2 2 2 2 2 2 2 2 2 2 1 2 2
ID_5548 0 2 2 2 1 2 2 2 2 2 2 2 2 2 2 2 2 2 2 2 2 2 2 2 1 2 2 2 1 2 2 1 1 2 2 2 2 2 2 2 2 2 1 1 2 1 2
ID_5550 0 2 2 2 2 2 2 2 2 2 1 2 2 2 2 NA NA 2 2 2 2 2 2 NA NA 2 2 2 2 2 2 2 2 2 2 2 2 2 2 1 1 1 2 1 1 NA NA
ID_5555 0 2 2 2 2 1 2 NA NA 2 2 2 2 2 1 2 1 2 2 2 2 2 2 2 2 2 1 2 2 2 2 1 2 2 2 2 2 2 2 2 1 2 2 2 2 1 2
ID_5573 0 2 2 1 1 2 2 NA NA 2 2 2 2 2 2 2 2 2 2 2 2 1 2 2 2 2 1 2 2 2 2 1 2 2 2 2 2 2 2 1 1 1 2 2 2 2 2
ID_5577 0 2 2 2 2 2 2 NA NA 2 2 2 2 2 2 2 1 2 2 2 2 2 2 2 2 2 2 2 2 2 2 1 1 2 2 2 2 2 2 1 2 2 2 2 2 2 1
ID_5587 0 2 2 2 1 2 2 1 1 2 2 2 2 2 1 1 2 2 2 2 2 2 2 NA NA 1 2 1 2 1 2 1 2 2 2 2 2 2 2 2 2 2 2 2 2 2 2
ID_5605 0 2 2 2 2 2 2 2 2 2 1 2 1 2 2 1 2 2 2 2 2 2 2 1 2 2 2 1 2 2 2 2 2 2 2 2 2 2 2 1 2 2 2 2 2 1 1
ID_5613 0 2 1 2 1 2 2 NA NA 2 1 1 2 2 1 2 2 2 2 2 2 2 2 2 2 2 2 2 2 2 2 1 2 2 2 1 1 2 2 2 2 2 2 2 2 2 2
ID_5627 0 2 2 2 1 2 2 NA NA 2 1 2 2 2 2 2 2 2 2 2 2 2 2 2 2 1 2 1 2 2 2 2 2 2 2 2 1 2 2 2 2 2 1 2 2 NA NA
ID_5629 0 2 2 1 1 2 2 NA NA 1 2 2 2 2 2 2 2 1 2 2 2 2 2 2 2 2 2 1 2 2 2 2 2 1 2 2 2 2 2 1 2 2 2 NA NA 2 2
ID_5635 0 2 2 2 2 2 2 NA NA 2 2 1 1 2 2 2 2 2 2 2 2 2 1 1 2 2 2 2 2 2 2 2 1 2 2 1 2 2 2 2 2 2 2 2 2 2 2
ID_5639 0 2 2 2 1 2 2 NA NA 2 2 1 2 2 2 2 2 2 2 2 2 2 2 2 2 1 2 2 2 2 2 2 2 2 2 2 2 2 2 1 1 1 2 NA NA 2 2
ID_5646 0 2 2 2 2 2 2 2 2 2 2 2 2 2 2 2 2 1 2 2 2 1 2 2 1 1 2 2 2 2 1 2 2 2 2 2 2 2 2 2 2 2 2 2 2 2 2
ID_5651 0 2 2 1 2 2 2 NA NA 2 2 2 2 2 2 2 1 1 2 2 2 2 2 1 1 2 2 2 2 2 2 2 2 2 2 2 2 2 2 1 2 2 2 2 2 2 2
ID_5657 0 1 2 2 2 2 2 NA NA 2 2 2 2 2 2 1 1 2 2 2 2 2 2 2 1 2 2 1 2 2 2 2 2 2 2 2 2 2 2 1 1 2 1 2 2 1 2
ID_5666 0 2 1 1 2 2 2 NA NA 1 1 2 2 2 2 1 2 2 2 2 2 2 2 2 2 2 2 2 1 2 1 1 2 2 2 2 2 2 2 2 2 2 2 1 1 2 2
ID_5689 0 1 2 2 2 2 2 2 2 2 2 2 2 1 2 NA NA 2 2 2 2 2 2 2 2 2 2 2 2 2 2 2 2 2 2 2 2 2 2 2 1 2 2 1 2 2 2
ID_5697 0 2 2 1 1 2 2 NA NA 1 2 2 1 2 2 2 2 2 2 2 2 2 2 2 2 2 1 2 2 2 2 1 2 2 2 2 2 2 2 1 2 2 1 2 2 2 2
ID_5720 0 2 2 2 1 2 2 NA NA 2 2 2 2 2 2 2 2 2 2 2 2 2 2 1 2 2 2 2 2 2 2 2 2 2 2 2 2 2 2 2 1 2 2 2 2 2 2
ID_5729 0 2 1 2 2 2 2 2 2 2 2 2 2 2 2 2 2 2 2 2 2 1 1 2 1 2 2 2 2 1 2 2 1 2 2 2 2 2 2 1 2 2 2 2 2 2 2
ID_5732 0 2 2 1 1 2 2 2 2 1 1 1 2 2 2 NA NA 2 2 2 2 2 2 2 2 2 2 2 2 2 2 2 1 2 2 2 2 2 2 1 1 2 2 1 2 NA NA
ID_5768 0 1 2 2 2 2 2 NA NA 2 2 1 2 2 1 NA NA 2 2 2 2 2 2 2 2 2 1 2 2 1 2 2 2 2 2 2 2 2 2 1 2 1 2 2 2 1 2
ID_5775 0 2 2 2 2 2 2 NA NA 2 2 2 2 2 2 2 2 2 2 2 2 2 2 1 2 1 2 1 2 2 2 2 2 2 2 2 2 2 2 2 2 2 1 2 2 2 2
ID_5801 0 2 2 2 2 2 2 1 2 1 2 2 1 2 2 2 2 1 2 2 2 1 2 1 2 2 1 2 1 2 2 2 2 2 2 2 1 2 2 2 2 1 2 2 2 1 1
ID_5805 0 2 2 1 2 1 2 NA NA 1 2 2 1 2 2 2 2 1 2 2 2 2 2 2 1 2 2 2 2 2 2 2 2 2 2 1 1 2 1 2 1 1 2 2 2 2 2
ID_5829 0 2 2 2 2 2 2 2 2 2 2 2 2 2 2 NA NA 2 2 2 2 2 2 2 2 2 2 2 2 2 2 2 2 2 2 2 1 1 2 2 2 1 1 2 1 2 2
ID_5849 0 2 2 2 2 2 2 NA NA 1 1 2 2 2 2 2 2 2 2 2 2 2 2 2 2 2 2 2 2 2 2 2 2 2 2 2 2 2 2 2 2 2 1 1 2 2 1
ID_5861 0 2 2 2 2 2 2 1 2 1 2 2 2 1 1 2 1 2 2 2 2 2 1 2 2 2 2 2 2 2 2 2 2 2 2 2 2 2 2 1 1 2 2 2 2 NA NA
ID_5864 0 2 2 2 2 2 2 2 2 1 1 2 2 2 1 1 1 2 2 2 2 2 2 2 2 2 2 2 2 2 2 2 2 2 2 2 2 2 2 2 2 2 1 2 2 2 2
ID_5867 0 2 1 2 1 2 2 NA NA 2 2 2 2 2 2 2 2 2 2 2 2 1 2 1 2 2 2 2 2 2 1 2 2 2 2 2 2 2 2 2 2 2 1 2 1 2 2
ID_5871 0 2 2 2 1 2 2 2 2 2 2 2 2 2 2 2 1 2 2 2 2 2 2 2 2 2 2 2 1 2 2 2 2 2 2 1 2 2 2 1 2 2 2 2 2 2 2
ID_5880 0 2 1 1 1 2 2 NA NA 1 1 2 2 2 1 2 2 2 2 2 2 2 2 2 2 2 2 2 1 2 2 2 1 2 2 2 2 2 2 2 2 2 2 1 1 2 2
ID_5888 0 1 2 2 1 2 2 2 1 1 2 2 2 2 2 2 2 2 2 2 2 2 2 2 2 1 1 2 2 2 2 1 2 2 1 1 1 2 2 1 1 1 2 1 2 1 1
ID_5890 0 2 2 2 2 1 2 NA NA 1 2 2 2 2 1 2 2 2 2 2 2 1 1 2 2 2 2 2 2 2 2 2 2 2 2 2 2 2 2 1 2 2 2 1 2 2 2
ID_5935 0 2 2 2 2 2 2 2 2 1 2 2 2 2 2 2 2 2 2 2 2 2 2 2 2 2 2 2 2 2 2 2 2 2 2 2 2 2 2 1 1 2 2 2 1 2 2
ID_5946 0 2 2 1 2 2 2 2 2 1 2 2 2 2 2 2 2 2 2 2 2 2 2 2 1 2 2 2 2 2 2 2 2 2 2 2 2 2 2 2 1 2 2 2 2 1 2
ID_5958 0 2 2 2 1 2 2 1 2 2 1 2 1 2 2 1 1 2 1 2 2 2 2 2 2 2 2 2 2 1 2 2 2 2 2 2 2 2 1 2 2 1 2 2 2 2 2
ID_5962 0 2 2 1 2 2 2 2 2 2 2 2 2 2 2 2 2 2 2 2 2 2 2 1 2 2 2 2 2 2 2 2 2 2 1 2 2 2 2 1 2 2 1 2 1 NA NA
ID_5966 0 2 2 2 2 2 2 2 2 2 2 2 2 2 2 2 1 2 2 2 2 1 1 2 2 2 2 2 2 2 2 2 1 2 2 2 2 2 2 2 1 2 2 1 1 2 2
ID_5978 0 2 2 1 2 2 2 2 2 2 2 2 2 2 2 2 2 2 2 2 2 2 2 2 2 2 2 2 2 2 2 2 2 2 2 2 2 1 2 1 2 1 2 2 2 2 2
ID_5991 0 1 2 1 2 2 2 NA NA 2 2 2 2 2 1 2 2 2 2 2 2 2 2 1 1 2 2 1 2 2 1 1 2 2 2 2 2 2 2 2 2 2 2 2 2 2 2
ID_5998 0 2 2 1 1 2 1 2 2 2 2 2 1 2 2 2 2 2 2 2 2 2 1 1 2 1 2 2 2 2 2 2 1 2 2 2 2 2 2 2 2 2 2 2 2 NA NA
ID_6003 0 2 2 2 2 2 2 NA NA 1 2 2 2 2 2 NA NA 2 2 2 2 2 1 2 2 2 2 1 2 1 2 2 2 2 2 2 2 2 2 2 2 2 1 2 2 NA NA
ID_6007 0 2 2 2 1 2 2 NA NA 1 2 2 2 2 2 2 2 2 2 2 2 2 2 1 2 2 2 2 2 2 2 2 2 2 2 2 1 2 1 1 2 2 2 2 2 2 2
ID_6012 0 2 2 1 2 2 2 NA NA 2 2 2 2 2 2 2 2 2 2 2 2 2 2 2 1 2 2 2 1 2 2 2 2 2 2 2 2 2 2 2 2 2 2 2 2 2 2
ID_6033 0 1 2 1 2 2 2 NA NA 2 2 2 2 2 2 1 1 2 2 2 2 2 2 2 1 2 2 2 2 2 1 2 2 2 2 2 2 2 2 1 2 2 2 2 2 2 2
ID_6053 0 2 2 2 1 2 2 NA NA 1 2 2 2 2 2 1 2 2 2 2 2 2 2 2 2 2 1 2 2 2 2 2 1 2 2 1 2 2 2 2 2 2 2 2 2 2 2
ID_6054 0 2 2 1 1 2 2 2 2 2 2 2 2 2 2 NA NA 2 2 2 2 2 2 2 2 2 2 2 2 2 2 2 2 2 2 2 2 2 2 2 2 1 2 2 2 2 1
ID_6060 0 2 2 2 2 2 2 NA NA 2 2 2 2 2 2 2 2 2 2 2 2 2 1 1 2 2 2 2 2 2 2 2 2 1 2 2 2 2 2 2 2 2 2 2 2 1 1
ID_6063 0 2 1 2 2 2 1 2 2 2 1 1 2 2 2 2 2 2 2 2 2 1 2 2 2 2 2 1 2 2 2 2 2 2 2 2 2 2 2 1 2 2 2 1 2 1 2
ID_6109 0 2 2 2 1 2 2 1 2 2 2 2 2 2 2 2 1 2 2 2 2 2 2 2 2 2 2 2 2 2 2 2 2 2 2 2 2 2 2 2 1 2 2 2 2 1 2
ID_6112 0 2 1 2 1 2 2 NA NA 2 1 2 2 2 2 1 2 2 2 2 2 2 2 1 2 2 2 2 2 2 2 2 2 2 2 2 2 2 2 2 2 2 2 2 2 2 2
ID_6123 0 2 2 2 2 2 2 NA NA 2 2 2 2 2 1 1 2 2 2 2 2 2 2 2 2 2 2 2 2 2 2 2 2 1 2 2 2 2 2 2 2 2 2 2 2 2 1
ID_6124 0 2 2 1 2 2 2 2 2 2 2 2 1 2 2 2 2 2 2 2 2 2 2 2 2 1 2 2 2 2 2 2 2 2 2 1 2 2 2 2 2 NA NA 2 2 2 2
ID_6130 0 2 2 1 2 2 2 NA NA 2 2 2 2 2 2 NA NA 2 2 2 2 1 2 NA NA 2 1 2 2 2 2 1 2 2 2 2 2 2 2 1 2 2 2 NA NA 2 2
ID_6131 0 2 2 1 2 2 2 2 2 1 2 2 2 2 2 2 2 2 1 2 2 2 1 2 2 1 1 2 2 2 2 2 2 2 2 2 2 2 2 2 1 2 2 1 2 NA NA
ID_6153 0 2 2 2 2 2 2 NA NA 2 1 2 2 2 1 1 2 2 2 2 2 1 1 1 1 2 2 2 2 2 2 1 2 2 2 2 2 2 2 2 2 2 2 2 2 2 2
ID_6170 0 2 2 2 1 2 2 NA NA 2 2 2 2 1 2 2 1 1 2 2 2 1 1 2 2 2 2 2 2 2 2 1 2 2 2 2 1 2 2 2 2 2 2 2 2 NA NA
ID_6194 0 2 2 2 1 2 2 NA NA 2 1 2 2 2 2 2 2 2 2 2 2 2 2 2 2 2 2 2 2 2 2 2 1 2 2 2 2 2 2 2 2 2 2 1 2 2 2
ID_6199 0 2 2 1 1 2 2 2 2 1 2 2 2 2 2 1 2 2 2 2 2 1 2 1 2 2 2 2 2 2 2 2 2 2 2 2 2 2 1 2 2 2 2 2 2 2 2
ID_6237 0 1 2 2 2 2 2 NA NA 1 2 2 2 2 2 2 2 2 2 2 2 2 2 2 2 2 2 2 2 2 2 2 2 2 2 2 2 1 2 2 1 2 2 1 2 2 2
ID_6243 0 2 2 2 1 2 1 NA NA 1 2 2 2 2 2 2 2 2 2 2 2 1 2 2 2 2 2 2 2 2 2 2 2 2 2 2 2 2 2 2 1 NA NA 2 2 NA NA
ID_6258 0 1 1 2 2 2 2 NA NA 2 2 2 2 2 2 2 2 2 2 2 2 1 1 2 2 1 2 2 2 2 2 1 2 2 2 2 2 2 2 2 1 2 2 2 2 2 2
ID_6272 0 2 1 1 2 2 2 NA NA 1 2 2 2 2 1 2 2 2 2 2 2 2 2 NA NA 2 2 2 2 2 2 2 2 2 2 2 2 2 2 2 1 2 2 2 2 2 2
ID_6301 0 2 2 1 2 2 2 2 2 2 2 2 2 2 2 NA NA 2 2 2 2 2 2 2 2 2 2 2 2 2 2 2 2 2 2 1 2 2 2 2 2 1 2 2 2 1 2
ID_6303 0 2 2 1 2 2 2 NA NA 2 2 1 2 2 2 NA NA 2 2 2 2 2 2 NA NA 2 2 2 2 2 1 2 2 2 2 2 2 2 2 2 2 2 2 2 2 1 1
ID_6316 0 2 2 2 2 2 2 2 2 2 1 2 2 2 1 2 2 2 2 2 2 2 2 2 2 2 2 2 2 2 2 2 2 2 2 2 2 2 2 2 2 2 2 NA NA 2 1
ID_6330 0 2 2 2 2 2 2 NA NA 2 1 1 2 2 2 1 2 2 2 2 2 2 2 2 2 2 2 2 2 2 2 2 2 2 2 2 2 2 2 2 1 2 2 2 2 2 2
ID_6331 0 2 2 1 2 2 2 2 2 2 2 2 2 2 2 2 2 2 2 2 2 1 2 2 2 2 2 1 2 1 2 2 1 2 2 2 2 2 2 2 2 2 2 2 2 1 2
ID_6341 0 2 2 2 1 2 2 NA NA 1 2 1 2 2 2 2 2 2 2 2 2 2 2 2 2 2 2 2 2 1 2 1 1 2 2 2 2 2 2 2 2 2 2 2 2 2 2
ID_6356 0 2 2 1 1 2 2 NA NA 2 2 2 2 2 2 2 2 2 2 2 2 1 2 2 2 2 2 2 1 2 2 1 2 2 1 2 2 2 2 2 2 NA NA 1 2 2 2
ID_6368 0 1 1 1 1 2 2 2 2 2 2 2 2 2 2 2 2 2 2 2 2 2 2 2 2 2 2 2 2 2 2 1 2 1 2 2 2 2 1 2 1 2 2 2 2 2 2
ID_6374 0 2 2 2 2 2 2 NA NA 2 2 2 2 2 2 2 1 2 2 2 2 2 2 1 2 2 2 2 2 2 2 2 2 2 2 2 2 1 2 2 2 2 2 1 2 NA NA
ID_6401 0 2 2 1 1 2 2 NA NA 2 2 2 2 2 2 2 2 2 2 2 2 2 1 2 2 2 2 1 2 2 2 2 2 2 2 2 1 1 2 2 2 2 2 2 2 2 2
ID_6419 0 1 2 1 2 2 2 2 2 2 2 2 2 2 2 NA NA 2 2 2 2 2 2 2 2 2 2 1 2 2 2 2 2 2 2 2 2 2 1 2 1 1 2 2 2 NA NA
ID_6432 0 2 2 2 1 2 2 2 2 2 2 2 1 2 2 2 1 2 2 2 2 2 2 1 2 2 2 2 2 2 2 2 2 2 2 2 2 2 2 2 2 1 2 2 1 2 2
ID_6439 0 1 1 2 2 2 2 2 1 1 2 1 1 2 2 2 2 2 2 2 2 2 2 2 2 2 2 2 2 2 2 2 1 2 2 2 2 2 2 2 2 1 1 2 1 2 2
ID_6443 0 2 2 2 1 2 2 NA NA 2 2 2 2 2 1 2 1 2 2 2 2 2 2 2 2 1 2 2 2 2 2 2 2 2 2 2 2 2 2 1 2 2 2 2 2 2 2
ID_6444 0 1 2 1 1 2 2 NA NA 2 1 2 2 2 1 2 1 2 2 2 2 2 2 2 1 1 2 2 2 2 2 2 2 2 2 2 2 2 2 2 2 1 1 2 2 1 2
ID_6459 0 2 2 1 2 2 2 NA NA 1 1 2 2 2 2 2 2 2 2 2 2 1 2 2 2 2 2 2 2 2 2 2 2 2 2 2 2 2 2 2 2 2 1 2 1 2 2
ID_6500 0 2 2 2 2 2 2 NA NA 2 1 2 2 2 1 2 1 1 2 2 2 2 2 NA NA 2 1 2 2 2 2 2 2 2 2 2 2 2 2 1 2 2 2 2 2 2 2
ID_6519 0 2 2 2 2 2 2 NA NA 2 2 2 2 2 2 2 2 1 2 2 2 1 1 2 2 2 2 2 2 2 2 2 1 2 2 2 2 2 2 2 2 2 1 2 2 2 2
ID_6521 0 2 2 2 2 2 1 NA NA 2 2 2 2 2 2 2 1 2 2 2 2 2 2 2 1 2 2 1 2 2 2 1 2 2 2 2 2 2 1 1 2 2 2 2 2 2 2
ID_6530 0 2 2 2 1 2 2 NA NA 2 2 2 2 2 2 2 2 2 2 2 2 2 2 2 1 2 2 1 2 2 2 2 2 2 2 2 2 2 2 2 2 1 2 2 2 2 1
ID_6545 0 2 2 2 1 2 2 2 2 2 2 1 2 2 1 2 2 2 2 2 2 2 2 NA NA 2 2 2 1 2 2 2 2 2 2 2 2 2 2 2 1 1 2 2 2 NA NA
ID_6547 0 2 2 2 2 2 2 NA NA 2 1 2 2 2 1 2 2 2 1 2 2 2 2 1 2 2 2 2 2 2 2 1 2 2 1 2 2 2 2 2 2 2 2 2 2 2 2
ID_6549 0 2 2 1 1 2 2 NA NA 2 2 2 2 2 2 2 1 2 2 2 2 2 2 1 2 2 1 2 2 2 2 2 2 2 2 1 2 2 2 2 1 2 2 2 2 2 2
ID_6561 0 2 2 2 2 2 2 2 2 2 2 2 1 2 2 NA NA 2 2 2 2 2 2 2 2 2 2 2 2 2 2 2 2 2 2 2 2 2 2 2 2 2 1 2 2 2 2
ID_6576 0 2 2 1 1 2 2 2 2 2 2 2 1 2 2 2 1 2 2 2 2 2 1 1 2 2 2 2 1 2 2 2 2 2 2 2 2 2 2 2 1 2 1 2 2 2 1
ID_6581 0 2 2 2 2 2 2 2 2 1 1 2 2 2 1 1 1 2 2 2 2 2 1 2 1 1 1 2 2 1 2 1 2 2 2 2 2 2 2 1 2 2 2 2 2 2 2
ID_6583 0 2 2 1 2 2 2 NA NA 2 2 2 1 2 2 NA NA 2 2 2 2 2 2 2 1 2 1 2 2 2 2 2 2 2 2 2 2 1 2 2 1 2 2 1 2 1 2
ID_6589 0 2 1 1 2 2 2 NA NA 2 2 2 2 2 2 1 1 2 2 2 2 2 2 2 2 2 2 2 1 2 2 2 2 2 1 1 2 2 2 2 2 2 2 2 2 1 2
ID_6600 0 1 2 2 2 2 2 2 2 1 1 2 2 2 2 2 2 2 2 2 2 2 2 2 2 2 2 2 2 2 2 2 2 2 2 2 2 2 2 2 1 2 2 2 1 2 2
ID_6621 0 2 2 1 2 2 2 NA NA 2 2 2 2 2 2 2 2 2 1 2 2 2 1 2 2 2 2 2 2 2 2 2 1 2 2 2 2 2 2 2 2 2 2 2 1 2 1
ID_6626 0 2 2 2 2 2 1 NA NA 2 2 2 2 1 2 NA NA 2 2 2 2 2 2 2 1 2 1 2 2 2 2 2 1 2 2 2 2 2 2 1 2 NA NA 2 1 2 2
ID_6627 0 2 1 2 1 2 2 NA NA 2 1 2 1 2 1 2 2 2 2 2 2 1 2 2 1 2 2 2 2 2 2 2 2 2 2 1 2 2 2 1 1 2 2 2 2 2 2
ID_6636 0 2 2 1 1 2 2 NA NA 2 2 1 2 2 2 2 2 2 2 2 2 2 2 2 2 2 2 2 2 2 2 2 2 2 2 1 2 2 2 1 2 2 2 2 2 2 2
ID_6674 0 2 2 2 1 2 2 NA NA 2 2 2 2 2 1 2 2 2 2 2 2 1 2 2 2 2 2 2 2 1 2 2 2 2 2 2 2 2 2 2 2 2 2 2 2 2 2
ID_6684 0 2 2 1 1 2 2 NA NA 1 2 2 2 2 1 2 2 2 1 2 2 2 2 2 1 2 2 2 2 2 2 2 2 2 2 2 2 2 2 1 2 2 2 2 2 2 2
ID_6689 0 2 2 2 2 2 2 NA NA 2 2 1 2 2 2 NA NA 2 2 2 2 2 2 2 1 2 2 2 2 2 1 2 2 2 2 2 1 2 2 1 1 2 2 2 2 2 1
ID_6695 0 2 2 2 2 2 2 NA NA 2 2 2 2 1 1 2 1 2 2 2 2 2 1 1 2 1 1 2 2 2 2 2 2 2 2 2 2 1 2 2 2 2 2 1 2 2 2
ID_6704 0 2 1 2 2 2 2 2 1 2 2 2 2 2 2 2 2 2 2 2 2 2 1 1 1 2 1 1 2 2 2 2 2 2 2 2 1 2 1 2 1 NA NA 2 2 2 2
ID_6706 0 2 2 2 2 2 2 2 2 2 2 2 2 2 2 2 2 2 2 2 2 2 1 2 2 2 2 2 2 1 2 1 1 2 2 2 2 2 2 2 2 1 2 2 1 2 2
ID_6709 0 2 1 2 1 2 2 NA NA 2 2 2 2 2 2 2 2 2 2 2 2 1 2 1 1 1 2 2 2 1 2 2 1 2 2 2 2 2 2 1 2 1 2 1 2 2 2
ID_6714 0 1 2 2 2 2 2 2 2 1 2 2 1 2 2 1 1 2 2 2 2 1 2 1 2 2 2 2 2 1 2 2 2 2 2 2 1 1 2 2 2 NA NA NA NA NA NA
ID_6717 0 2 2 2 2 2 2 2 2 2 2 1 2 2 2 2 2 2 2 2 2 2 2 2 2 1 2 2 2 2 2 2 2 2 2 2 1 2 2 2 2 2 2 2 2 2 2
ID_6725 0 2 2 2 1 2 2 NA NA 1 2 2 1 2 2 2 2 2 2 2 2 1 2 2 1 2 2 2 2 1 2 1 2 2 2 2 2 2 2 2 1 2 2 2 2 2 2
ID_6735 0 1 2 2 2 2 2 NA NA 2 2 2 2 1 2 2 2 2 1 2 2 2 2 2 2 1 2 2 1 1 2 2 2 2 2 2 2 2 1 2 1 2 2 2 2 2 2
ID_6737 0 2 2 2 2 2 2 NA NA 2 2 2 2 2 2 2 1 2 2 2 2 2 2 2 1 2 2 2 1 2 2 1 2 2 2 2 2 2 2 2 2 1 2 2 2 2 2
ID_6739 0 2 2 2 1 2 1 NA NA 2 2 2 2 2 2 1 2 1 2 2 2 2 2 NA NA 2 2 2 2 2 2 2 1 2 2 1 2 2 1 2 2 1 2 2 2 2 1
ID_6741 0 2 2 1 1 2 2 2 2 1 1 2 2 2 2 2 2 2 2 2 2 2 2 1 2 2 2 2 2 2 2 2 2 2 2 2 2 2 2 1 2 2 1 2 2 2 1
ID_6753 0 2 2 2 1 2 2 2 2 2 1 2 2 2 2 2 2 2 2 2 2 1 2 2 2 2 2 2 2 2 2 2 2 2 2 2 2 2 2 2 2 2 2 2 2 2 2
ID_6758 0 2 1 2 1 2 2 2 2 1 2 1 2 2 2 2 2 2 2 2 2 2 1 2 2 2 2 2 2 2 2 2 2 2 2 2 2 2 2 1 2 2 2 2 2 2 2
ID_6768 0 2 2 2 1 1 1 NA NA 1 2 2 1 2 2 2 2 2 2 2 2 2 1 2 1 2 2 2 1 2 2 2 2 2 2 2 2 2 2 2 2 2 1 NA NA 2 2
ID_6773 0 2 2 2 1 2 2 1 2 1 2 1 1 2 2 2 2 2 2 2 2 2 2 NA NA 1 2 2 2 2 2 2 1 2 2 2 2 2 2 2 1 2 2 NA NA NA NA
ID_6783 0 2 2 2 2 2 2 2 2 2 2 2 2 2 2 2 2 2 2 2 2 2 1 2 2 2 1 2 2 2 2 2 2 2 2 2 2 2 1 2 2 2 2 2 2 1 2
ID_6790 0 2 2 2 2 2 2 NA NA 2 2 2 2 1 1 2 1 2 2 2 2 2 2 NA NA 1 2 2 2 2 2 1 2 2 2 2 2 2 2 2 2 2 2 2 2 1 2
ID_6794 0 2 2 2 1 2 2 NA NA 2 2 2 2 2 1 2 2 2 2 2 2 1 2 2 2 1 1 2 2 2 2 2 2 2 2 2 2 2 2 2 2 1 2 2 2 2 2
ID_6802 0 2 1 2 1 2 2 2 2 1 2 2 2 2 2 1 2 2 2 2 2 2 2 2 2 2 2 2 2 2 2 2 1 2 2 2 2 2 2 1 1 NA NA 2 2 2 2
ID_6804 0 2 2 1 1 2 2 NA NA 1 1 2 2 2 1 2 2 2 2 2 2 2 2 2 1 2 2 2 2 2 2 2 2 2 2 2 2 2 2 1 2 1 2 2 2 2 2
ID_6810 0 2 2 2 2 2 2 NA NA 2 2 2 2 2 2 1 2 2 2 2 2 2 2 2 2 2 2 2 2 2 2 2 1 2 2 1 2 1 2 2 2 NA NA NA NA 1 2
ID_6818 0 2 2 1 2 2 2 NA NA 2 2 1 2 2 2 1 2 2 2 2 1 2 2 1 2 2 1 2 2 2 2 1 2 2 2 2 2 2 2 2 2 2 2 2 2 2 2
ID_6849 0 2 1 2 1 2 2 NA NA 2 2 2 2 2 2 1 2 2 2 2 2 2 2 2 2 2 2 2 2 2 2 2 2 2 2 2 2 2 2 2 2 2 2 2 1 2 2
ID_6861 0 2 2 2 1 2 2 2 2 2 2 1 2 2 2 2 2 2 2 2 2 1 2 2 2 2 2 2 2 2 2 2 2 2 2 2 1 2 2 1 1 2 2 2 2 2 2
ID_6867 0 2 2 2 2 2 2 NA NA 2 2 2 1 2 2 NA NA 2 2 2 2 2 2 2 2 1 2 2 1 1 2 2 2 2 2 2 2 1 1 2 2 1 2 2 2 1 2
ID_6875 0 2 2 2 2 2 2 NA NA 2 1 2 2 2 2 2 1 2 2 2 2 1 2 2 2 2 2 2 2 1 2 1 2 2 2 2 2 2 2 2 2 2 2 2 2 2 2
ID_6889 0 2 2 2 2 2 2 2 2 1 1 2 2 2 1 2 1 2 2 2 2 1 2 1 2 2 2 2 2 2 2 2 2 2 1 2 2 1 1 1 1 2 1 NA NA 2 1
ID_6890 0 2 2 2 2 2 2 NA NA 2 2 2 2 2 2 2 2 2 2 2 2 2 1 1 2 2 2 2 2 2 2 2 2 2 2 2 2 2 2 2 1 2 2 2 2 1 1
ID_6910 0 2 2 1 1 2 2 NA NA 2 1 2 1 2 1 2 2 2 2 2 2 2 2 2 1 2 2 1 2 2 2 1 2 2 2 2 2 2 2 1 2 2 2 2 2 1 2
ID_6927 0 2 2 2 2 2 2 2 2 2 2 2 2 2 2 2 1 2 2 2 2 2 2 2 2 2 2 2 2 2 2 2 2 2 2 2 2 1 2 1 2 2 2 2 2 2 2
ID_6930 0 2 2 2 1 2 2 NA NA 2 2 2 2 2 2 2 2 2 2 2 2 1 2 1 2 2 2 2 2 2 2 2 2 2 2 2 2 2 2 2 2 2 2 2 1 2 2
ID_6933 0 2 2 2 2 2 2 NA NA 2 1 2 2 2 2 2 2 2 2 2 2 2 1 2 1 1 2 2 2 2 2 1 2 2 2 2 2 2 1 2 1 2 2 1 2 1 2
ID_6949 0 2 2 2 2 2 2 2 2 1 2 2 2 2 2 2 2 1 2 2 2 2 2 2 2 2 2 2 2 2 2 1 2 2 2 2 2 2 2 1 2 1 2 2 2 1 2
ID_6953 0 2 2 2 2 2 2 NA NA 1 1 2 2 2 2 1 2 2 2 2 2 2 1 2 2 2 2 2 2 2 2 2 2 2 2 2 2 2 2 2 1 2 2 2 2 2 1
ID_6960 0 2 2 1 1 2 2 NA NA 2 2 2 2 2 2 2 1 2 2 2 2 1 2 2 2 2 2 2 2 2 2 2 2 2 2 1 2 1 2 1 2 1 2 2 2 2 1
ID_6963 0 1 2 1 2 2 2 NA NA 2 2 2 2 1 2 2 1 2 2 2 2 2 2 2 1 2 2 2 2 2 2 2 2 2 2 2 2 2 2 2 2 NA NA 2 1 2 2
ID_6975 0 2 2 2 1 2 2 2 2 2 1 2 1 1 1 2 2 2 2 2 2 1 2 2 2 2 2 2 2 2 2 2 2 2 2 2 2 2 2 2 2 2 2 2 2 2 2
ID_6985 0 2 2 1 2 2 2 2 2 1 2 2 1 2 2 2 1 2 2 2 2 2 1 2 2 2 2 2 2 2 2 2 1 2 2 2 2 2 2 2 2 2 1 2 2 1 2
ID_6990 0 2 2 2 2 2 2 2 2 1 2 2 2 2 2 2 2 2 2 2 2 1 2 2 2 2 2 2 2 1 2 2 2 2 2 2 2 2 1 1 2 2 2 2 2 2 2
ID_6991 0 2 2 2 1 2 2 2 1 1 2 1 1 2 2 2 1 2 2 2 2 2 2 2 2 2 2 2 2 2 2 2 2 2 2 2 2 1 2 2 1 NA NA 2 2 2 2
ID_6997 0 2 2 1 1 2 2 2 2 1 2 2 2 2 2 1 2 2 2 2 2 2 2 2 2 2 2 2 2 1 2 2 2 1 2 2 2 2 2 2 1 2 2 2 2 2 1
ID_6998 0 2 2 2 1 2 2 2 2 2 2 2 2 2 1 2 1 2 2 2 2 2 1 2 2 2 2 2 2 1 2 1 2 2 2 2 2 2 2 1 2 2 2 2 2 2 2
ID_7022 0 2 2 2 1 2 2 NA NA 2 2 1 2 2 2 2 2 1 2 2 2 2 2 2 2 2 1 2 2 2 2 2 1 2 2 2 2 2 1 2 2 2 2 2 1 2 2
ID_7024 0 2 2 2 1 2 2 2 2 2 1 2 2 2 2 NA NA 2 2 2 2 2 2 NA NA 2 1 2 2 2 2 1 2 2 2 2 1 2 2 1 2 2 2 2 2 1 2
ID_7035 0 2 2 2 2 2 2 NA NA 1 2 2 2 2 1 2 2 2 2 2 1 2 2 1 2 2 2 2 2 2 2 1 1 2 2 2 2 2 2 2 2 1 2 2 2 1 2
ID_7047 0 2 2 2 1 2 2 2 2 2 2 2 1 2 2 2 1 2 2 2 2 2 2 2 2 2 2 2 2 2 2 2 2 2 2 2 2 2 2 2 2 2 2 2 2 2 2
ID_7062 0 2 2 1 1 2 2 NA NA 2 2 1 2 1 2 1 2 2 2 2 2 2 2 2 2 2 2 2 2 2 2 1 2 2 2 2 2 2 1 1 2 2 2 1 2 2 2
ID_7072 0 2 1 2 2 2 2 NA NA 2 2 2 2 1 2 2 2 2 2 2 2 2 2 NA NA 2 2 2 2 2 2 2 2 2 2 2 2 2 2 2 2 2 2 2 2 1 2
ID_7087 0 2 2 2 2 2 1 NA NA 2 2 2 2 2 2 2 2 2 2 2 2 1 1 2 2 2 1 1 2 2 1 2 2 2 2 2 2 2 2 2 2 2 2 2 2 1 1
ID_7094 0 2 2 2 2 2 2 NA NA 2 1 2 2 2 2 2 2 2 2 2 2 2 2 2 2 2 2 2 2 2 2 2 1 2 2 2 2 2 2 2 1 2 2 2 1 2 2
ID_7118 0 1 1 2 1 1 2 NA NA 2 2 2 2 2 2 2 2 2 2 2 2 2 2 2 2 2 2 2 2 2 2 2 2 2 2 2 2 2 2 2 2 2 2 2 1 1 1
ID_7123 0 2 2 2 1 2 2 2 2 2 2 2 2 2 1 NA NA 2 2 2 2 2 2 2 2 2 2 2 2 1 2 2 1 2 2 1 2 2 2 2 1 2 2 2 2 2 2
ID_7141 0 2 2 2 2 2 2 2 1 2 2 2 2 2 2 2 2 2 2 2 2 2 2 1 1 1 1 2 2 2 1 2 2 2 2 2 2 2 2 2 2 1 2 2 1 2 1
ID_7146 0 2 2 1 1 2 2 2 2 1 2 2 2 2 2 1 2 2 2 2 2 2 1 2 2 2 2 2 2 2 2 2 2 2 2 2 2 2 1 2 1 1 2 2 2 2 2
ID_7152 0 1 1 1 2 2 2 NA NA 1 2 2 2 1 2 2 1 2 2 2 2 1 1 2 2 2 1 2 2 2 1 2 2 2 2 2 2 2 2 2 2 NA NA 2 2 2 2
ID_7168 0 2 1 2 2 2 2 NA NA 2 1 2 2 2 2 2 2 2 2 2 2 1 2 2 2 2 2 2 2 2 2 2 2 1 2 2 2 2 2 2 2 2 1 NA NA 2 2
ID_7169 0 2 2 1 2 2 2 NA NA 2 2 2 2 2 2 2 2 2 2 2 2 2 2 2 2 2 2 2 2 2 1 2 2 2 2 2 2 2 2 1 1 1 2 1 2 2 2
ID_7182 0 2 2 1 2 2 2 2 2 2 2 2 2 2 2 2 1 2 2 2 2 2 1 2 2 2 2 1 2 2 2 2 2 2 2 2 2 2 2 2 1 1 2 1 2 2 1
ID_7185 0 2 2 2 1 2 2 NA NA 2 2 1 2 2 2 1 2 2 2 2 2 2 2 NA NA 2 1 1 2 1 2 2 1 2 2 2 2 2 2 1 2 2 2 2 1 2 2
ID_7188 0 2 2 1 1 2 2 NA NA 1 2 2 2 2 2 2 2 1 2 2 2 2 2 2 2 2 2 2 1 2 2 1 2 1 2 2 2 2 2 1 2 2 2 2 2 2 2
ID_7196 0 2 2 1 2 2 2 NA NA 2 2 2 1 2 2 2 2 2 2 2 2 2 2 2 2 2 2 2 2 2 2 2 2 2 2 2 2 2 2 1 1 2 2 1 1 2 2
ID_7206 0 1 1 1 2 2 2 NA NA 2 2 2 2 2 1 2 2 2 2 2 2 1 2 2 2 2 2 2 2 2 2 1 2 2 2 2 2 1 2 2 2 1 2 NA NA 1 1
ID_7228 0 2 1 1 2 2 2 NA NA 2 1 2 1 2 1 2 2 2 2 2 2 1 2 2 2 2 2 2 2 2 2 2 1 2 2 1 2 1 2 2 1 2 2 2 2 NA NA
ID_7232 0 2 2 1 2 2 2 NA NA 1 2 2 1 2 2 2 2 2 2 2 2 2 1 1 2 2 2 2 1 2 2 2 1 2 2 2 2 2 2 2 1 2 2 2 2 NA NA
ID_7241 0 2 2 2 2 2 2 NA NA 1 2 2 2 2 2 2 2 2 2 2 2 1 2 2 2 2 1 2 2 2 2 2 2 2 2 2 2 2 2 2 2 2 2 2 2 2 2
ID_7242 0 2 2 1 2 2 2 NA NA 1 2 2 2 2 1 2 1 2 2 2 2 2 1 1 1 2 2 2 2 2 2 2 2 2 2 2 2 2 2 2 1 2 2 1 2 1 2
ID_7252 0 2 2 2 2 2 2 NA NA 2 1 2 2 2 2 2 2 2 2 2 2 2 2 1 2 2 2 2 2 2 1 2 2 2 2 2 2 2 2 1 2 1 2 2 2 2 2
ID_7255 0 2 2 1 2 2 2 2 2 1 1 2 2 2 1 2 2 2 2 2 2 2 2 NA NA 2 2 2 2 2 2 1 2 2 2 2 2 2 2 2 2 1 1 2 1 2 2
ID_7298 0 2 2 2 2 2 2 NA NA 2 2 2 2 2 2 NA NA 2 2 2 2 2 2 2 1 1 2 1 2 2 2 2 1 2 2 2 2 2 2 2 2 2 2 2 2 NA NA
ID_7314 0 2 2 2 2 2 2 NA NA 2 2 2 2 2 2 2 2 2 2 2 2 1 2 1 2 2 2 2 2 2 2 2 2 2 2 1 2 2 2 2 2 NA NA 2 2 2 2
ID_7335 0 2 1 2 2 2 2 NA NA 1 1 1 2 1 2 2 2 2 2 2 2 1 2 2 2 2 2 2 2 2 2 2 2 2 2 2 2 2 2 2 2 NA NA 2 2 NA NA
ID_7337 0 2 1 1 2 2 2 NA NA 2 1 1 1 2 2 NA NA 2 2 2 2 2 2 2 2 2 1 2 2 2 2 2 2 2 2 2 2 2 2 1 2 2 2 2 2 2 1
ID_7349 0 2 2 1 2 2 2 2 2 2 1 2 2 2 1 2 1 2 2 2 2 2 2 NA NA 2 1 1 2 2 2 2 2 2 2 2 2 2 2 2 2 NA NA NA NA 2 1
ID_7352 0 2 2 2 2 2 2 2 2 2 2 2 2 1 2 2 1 2 2 2 2 1 2 1 2 2 2 2 2 2 2 2 2 2 2 2 2 2 1 2 2 2 2 2 2 2 2
ID_7366 0 2 2 2 2 2 2 NA NA 1 1 2 2 2 1 2 2 2 2 2 2 2 2 2 2 2 2 2 2 2 2 2 2 2 2 1 2 2 2 2 2 2 2 2 1 2 2
ID_7382 0 1 2 2 1 2 2 NA NA 1 2 2 2 2 2 2 1 2 2 2 2 2 2 2 2 2 2 2 2 2 2 1 2 2 2 2 2 2 2 2 2 2 2 2 2 NA NA
ID_7386 0 2 2 1 2 2 2 NA NA 2 2 2 2 2 2 2 1 2 2 2 1 2 1 1 1 2 2 2 2 2 2 2 2 2 2 2 2 2 2 2 2 2 2 2 2 2 2
ID_7388 0 2 2 1 2 2 2 2 1 2 2 1 2 2 1 2 2 2 2 2 2 2 2 1 2 2 2 2 2 2 2 2 1 2 2 2 2 2 2 2 2 2 2 2 2 2 2
ID_7394 0 2 1 2 1 1 2 NA NA 2 2 2 2 2 2 2 2 2 1 2 2 2 1 1 2 2 2 2 2 2 2 2 2 2 2 2 2 2 2 1 2 1 2 2 2 2 2
ID_7406 0 2 2 2 1 2 2 2 2 1 2 2 2 2 2 2 1 2 2 2 2 2 2 2 1 2 2 2 2 2 2 2 2 1 2 2 2 2 2 1 2 2 2 2 2 NA NA
ID_7412 0 2 2 2 2 2 2 NA NA 2 1 2 2 2 2 2 2 2 1 2 2 2 2 NA NA 2 1 2 2 2 2 2 2 2 2 2 2 2 2 2 2 2 2 1 2 1 2
ID_7439 0 2 2 2 2 2 2 2 2 2 2 1 2 2 2 2 1 2 2 2 2 1 2 2 2 2 2 2 2 2 2 2 2 2 2 1 2 2 2 2 2 2 1 1 2 2 1
ID_7441 0 2 2 2 2 2 2 2 2 2 2 2 2 1 2 2 1 2 2 2 2 2 2 2 2 1 2 2 2 2 2 2 2 2 2 2 2 2 2 2 1 2 2 2 2 2 2
ID_7442 0 2 2 2 1 2 2 NA NA 2 2 2 2 2 2 2 2 1 2 2 2 2 2 NA NA 2 2 1 2 2 2 1 1 2 2 1 1 2 2 2 2 2 2 2 2 2 2
ID_7448 0 2 2 1 1 2 2 NA NA 1 1 2 2 2 2 2 2 2 2 2 2 2 2 2 2 2 2 2 2 2 2 1 2 2 2 2 1 2 2 2 1 1 2 2 2 2 1
ID_7463 0 1 2 2 2 2 2 2 2 2 2 2 2 2 2 2 2 2 2 2 2 2 2 2 2 2 1 1 1 1 1 2 1 2 2 2 2 2 2 2 1 1 1 2 1 2 2
ID_7466 0 2 1 2 1 1 2 NA NA 2 2 2 2 2 1 2 1 2 2 2 2 2 2 2 1 1 2 2 2 2 2 2 2 2 2 2 2 2 2 1 2 1 2 2 2 2 2
ID_7478 0 2 1 2 2 1 2 NA NA 2 2 2 2 2 2 NA NA 2 2 2 2 2 2 2 2 2 2 2 2 2 2 2 2 2 2 2 2 2 2 2 1 NA NA 2 2 1 1
ID_7481 0 2 2 1 2 2 2 NA NA 2 2 2 2 2 2 2 2 2 2 2 2 1 2 1 2 1 2 2 2 2 2 2 2 2 2 2 2 2 2 1 2 NA NA 2 2 2 2
ID_7498 0 2 2 2 2 2 2 2 2 2 2 1 2 2 2 2 1 2 2 2 2 2 2 NA NA 2 1 2 2 1 2 2 2 2 2 2 2 2 2 1 2 1 2 2 2 2 2
ID_7501 0 2 2 1 1 2 2 2 2 2 2 2 2 2 2 2 1 2 2 2 2 1 2 2 2 2 2 1 2 2 1 2 2 2 2 1 1 2 2 2 2 2 2 2 1 1 2
ID_7534 0 2 2 1 2 2 2 NA NA 2 2 2 1 2 2 2 2 2 2 2 2 1 2 NA NA 1 2 2 2 2 2 1 2 2 2 2 2 2 2 2 2 1 2 2 2 2 1
ID_7543 0 1 2 2 1 2 2 NA NA 2 1 2 2 2 2 2 2 2 2 2 2 2 2 1 2 2 2 2 2 2 2 2 2 2 2 1 2 1 2 1 1 2 1 2 1 2 2
ID_7559 0 2 2 1 2 2 2 NA NA 2 2 2 2 2 2 NA NA 2 2 2 2 2 2 NA NA 2 2 1 2 2 2 2 2 2 2 2 2 2 2 1 2 2 1 2 1 2 2
ID_7575 0 2 2 1 2 2 2 NA NA 2 1 2 1 1 2 1 2 2 2 2 2 2 2 2 2 2 2 2 2 2 2 2 2 2 2 2 2 2 2 2 1 2 2 2 1 2 1
ID_7582 0 2 2 2 2 2 2 NA NA 2 2 2 2 1 2 2 2 2 2 2 2 2 2 2 2 2 2 2 2 2 2 2 2 2 2 2 2 2 2 1 2 2 1 1 2 2 1
ID_7591 0 2 2 2 1 2 2 NA NA 1 2 2 2 2 2 NA NA 1 2 2 2 2 1 2 2 2 2 2 1 2 2 2 2 2 2 2 2 2 2 1 2 1 2 2 2 1 2
ID_7604 0 2 2 2 2 2 2 NA NA 2 2 2 2 2 2 2 1 2 2 2 2 1 2 2 2 2 1 2 2 2 2 1 1 1 2 2 2 2 2 2 2 NA NA 1 2 NA NA
ID_7607 0 2 2 2 2 2 2 NA NA 1 1 2 2 2 2 2 2 2 2 2 2 1 2 NA NA 1 2 2 2 2 2 2 2 2 2 2 1 2 2 1 1 2 2 1 2 1 2
ID_7620 0 2 2 1 2 2 2 2 2 1 2 2 1 2 2 2 2 2 2 2 2 2 2 2 2 2 2 2 2 2 2 2 2 2 2 2 2 2 2 2 2 2 2 2 2 1 2
ID_7621 0 2 2 2 1 2 2 NA NA 1 2 2 2 2 2 1 2 2 2 2 2 2 2 2 2 2 2 2 2 2 2 2 1 2 2 2 1 2 2 2 2 1 2 2 1 2 2
ID_7626 0 2 2 2 1 2 2 NA NA 1 2 2 2 2 1 2 1 2 2 2 2 2 2 2 2 2 2 2 2 2 2 2 2 2 2 2 2 1 2 2 2 2 1 2 2 NA NA
ID_7631 0 1 2 2 2 2 2 2 2 2 2 1 2 2 2 2 1 2 2 2 2 2 1 1 2 2 2 2 2 2 2 2 2 2 2 2 2 2 2 1 2 2 2 2 2 2 2
ID_7633 0 2 2 2 1 2 2 2 2 2 2 2 2 2 2 2 2 2 2 2 2 2 2 2 2 2 2 2 2 2 2 2 1 2 2 2 2 2 2 2 2 1 2 1 2 2 2
ID_7646 0 2 2 1 2 2 2 NA NA 1 2 2 1 1 2 1 1 2 2 2 2 1 1 1 2 2 2 2 2 2 2 2 2 2 2 2 1 2 1 2 2 2 1 2 2 2 2
ID_7651 0 1 2 2 1 2 2 NA NA 2 2 2 2 2 2 2 2 2 2 2 2 2 1 NA NA 2 2 2 1 2 2 2 2 2 2 2 2 2 2 2 2 1 2 2 1 1 1
ID_7658 0 2 2 2 2 2 2 NA NA 2 2 2 1 2 2 2 2 2 2 2 2 1 2 NA NA 1 2 2 2 2 2 2 2 1 2 2 2 2 2 2 2 2 2 2 2 NA NA
ID_7659 0 2 2 2 2 2 2 2 2 1 2 2 2 2 2 1 2 2 2 2 2 2 2 1 2 2 2 2 2 2 2 2 1 2 2 2 2 2 2 1 1 1 2 2 2 2 2
ID_7673 0 2 1 2 1 2 2 NA NA 1 2 2 2 2 2 2 2 2 2 1 2 2 1 2 1 2 2 2 1 2 1 2 2 1 1 2 2 2 2 1 2 2 1 2 2 2 2
ID_7676 0 2 2 2 1 2 1 2 2 1 1 2 2 1 2 2 2 2 2 2 2 1 2 1 1 2 1 2 2 1 2 2 2 2 2 2 2 1 2 2 2 1 2 2 1 1 2
ID_7682 0 2 2 1 1 2 2 2 2 2 1 2 2 2 2 2 1 2 2 2 2 2 2 2 2 2 2 2 2 2 2 1 2 2 2 2 2 2 1 2 2 NA NA 2 2 1 2
ID_7683 0 2 2 1 2 2 2 2 2 2 1 2 2 1 1 2 1 2 2 2 2 2 2 2 2 2 1 2 2 1 2 2 2 2 2 2 2 2 2 1 2 1 1 2 2 2 2
ID_7696 0 2 1 1 2 2 2 NA NA 2 2 2 1 2 2 2 1 2 2 2 2 2 2 2 2 2 2 2 2 2 2 2 2 2 2 2 2 2 2 1 2 2 2 2 2 2 2
ID_7700 0 2 2 1 2 2 2 2 2 1 2 2 2 2 2 2 2 2 2 2 2 2 2 NA NA 2 2 2 2 2 2 2 1 1 2 2 2 2 2 2 2 1 1 2 2 1 2
ID_7701 0 2 2 2 1 2 2 2 2 2 2 2 2 1 2 2 1 2 2 2 2 2 1 2 1 2 2 2 2 2 2 1 2 2 2 2 1 2 2 1 2 2 2 NA NA 1 1
ID_7706 0 2 1 2 2 2 2 NA NA 2 2 2 2 1 2 2 1 2 2 2 2 1 2 NA NA 2 1 2 2 2 2 2 1 2 2 1 2 2 2 2 1 2 2 NA NA 2 2
ID_7710 0 2 2 2 2 2 2 NA NA 1 2 2 2 2 2 1 2 2 2 2 2 2 2 2 2 2 2 1 2 2 2 2 2 2 2 2 2 2 2 2 2 1 2 1 2 2 2
ID_7715 0 2 2 1 1 2 2 2 2 2 1 2 2 2 2 NA NA 2 2 2 2 2 2 2 2 2 2 2 2 2 2 2 1 2 2 2 2 2 2 2 2 2 2 1 2 2 1
ID_7716 0 2 1 1 1 2 2 NA NA 2 2 2 2 2 2 NA NA 2 2 2 2 2 2 2 2 2 2 2 2 2 2 2 2 2 2 2 2 2 2 1 2 2 2 1 2 2 1
ID_7720 0 1 2 2 2 2 2 2 2 1 2 2 2 1 2 NA NA 2 2 2 2 2 1 1 2 2 2 1 2 2 1 2 1 2 2 2 2 2 2 2 1 2 2 2 2 1 2
ID_7721 0 2 2 1 1 2 2 NA NA 2 2 2 1 2 2 1 2 2 2 2 2 2 2 2 2 2 2 2 2 2 2 2 1 2 2 2 2 2 2 1 2 2 2 1 2 1 2
ID_7731 0 2 2 2 1 2 2 NA NA 2 2 2 1 2 2 1 2 2 2 2 2 2 2 2 2 2 2 2 2 2 2 2 2 2 2 2 2 2 2 2 2 2 2 2 2 NA NA
ID_7745 0 2 2 2 1 2 2 2 2 2 1 2 2 2 1 2 1 2 2 2 2 2 1 1 1 1 2 2 2 2 2 2 2 2 2 2 2 2 2 2 2 2 2 2 1 2 2
ID_7766 0 2 2 2 2 2 2 2 2 2 2 2 1 2 2 2 2 2 2 2 2 2 2 2 2 2 2 2 2 2 2 1 2 2 2 2 1 2 2 1 1 2 1 2 2 1 2
ID_7767 0 2 2 2 1 2 2 NA NA 2 2 1 1 2 2 2 2 2 2 2 2 2 2 1 2 2 2 2 1 2 2 2 2 2 2 2 2 2 2 2 2 2 2 2 2 NA NA
ID_7773 0 2 2 1 2 2 2 NA NA 1 2 2 2 2 2 2 2 2 1 2 2 2 2 2 2 2 2 2 1 2 2 2 2 2 2 2 2 2 2 2 2 NA NA 2 2 2 2
ID_7775 0 2 2 1 1 2 2 2 2 2 1 1 2 1 2 2 2 2 2 2 2 2 1 2 2 2 1 2 2 2 2 2 1 2 2 2 2 2 2 2 2 1 1 NA NA 2 2
ID_7782 0 2 2 1 2 2 2 1 2 1 2 1 2 2 2 2 2 2 2 2 2 2 2 2 1 2 1 2 2 2 2 1 2 2 2 2 1 2 2 2 2 2 2 2 1 2 2
ID_7792 0 2 1 1 2 2 2 NA NA 2 1 1 2 2 2 2 2 2 2 2 2 2 2 2 1 2 2 2 2 2 1 2 2 2 1 2 1 2 2 2 2 NA NA 2 2 NA NA
ID_7793 0 2 2 2 1 2 2 2 2 2 2 1 2 2 2 2 1 2 2 2 2 2 2 2 2 1 2 2 1 2 2 2 2 2 2 2 2 1 2 2 1 2 2 NA NA 2 2
ID_7830 0 2 2 2 1 2 2 2 2 2 2 2 2 2 1 2 2 2 2 2 2 1 2 1 2 2 2 2 2 2 2 2 1 2 2 2 2 2 2 1 2 2 1 NA NA 2 2
ID_7831 0 1 2 1 1 2 2 NA NA 1 2 1 2 2 2 1 2 2 2 2 2 2 1 NA NA 2 2 1 2 1 2 2 2 2 2 1 2 2 2 1 2 2 2 2 2 1 1
ID_7836 0 2 2 2 1 2 2 NA NA 1 2 2 1 1 2 2 2 2 2 2 2 1 1 2 1 2 2 2 2 2 2 1 2 2 2 2 2 2 2 2 2 2 2 2 1 2 2
ID_7839 0 2 2 2 1 2 2 2 1 1 1 1 2 2 2 1 2 2 2 2 2 2 2 2 2 1 2 2 2 2 2 2 1 2 2 2 2 2 2 2 2 2 2 2 2 2 2
ID_7849 0 1 2 2 1 2 2 2 2 2 1 2 2 2 2 NA NA 2 2 2 2 1 2 1 2 2 2 2 2 2 2 2 1 2 2 2 2 2 2 2 1 1 2 2 2 2 2
ID_7872 0 2 2 2 1 2 2 NA NA 2 1 1 2 2 2 2 2 2 2 2 2 2 2 2 1 1 2 2 2 2 2 1 2 2 2 2 2 2 2 2 2 2 2 1 1 2 2
ID_7873 0 2 2 2 2 2 2 2 2 2 2 2 2 2 2 2 2 2 2 2 2 2 2 2 2 2 2 2 2 2 2 2 2 2 2 2 2 2 2 1 1 2 2 2 2 2 1
ID_7878 0 2 2 2 1 2 2 NA NA 2 1 2 2 1 2 2 2 2 2 2 2 2 1 2 2 2 2 2 1 2 2 2 2 2 2 2 2 2 2 2 2 1 1 2 2 2 2
ID_7880 0 2 2 2 2 2 2 NA NA 2 1 2 2 2 2 NA NA 2 2 2 2 2 1 2 2 2 2 2 2 2 2 1 2 2 2 1 2 2 2 1 2 2 2 2 2 2 2
ID_7888 0 2 2 2 1 2 2 2 2 2 2 2 2 2 2 1 2 2 2 2 2 1 2 2 2 2 2 2 2 2 2 2 1 2 2 2 2 2 2 1 1 2 2 2 1 2 2
ID_7940 0 2 2 2 2 2 2 NA NA 2 1 2 2 2 1 2 1 2 2 2 2 2 2 2 2 2 2 2 2 2 2 2 2 2 2 2 2 2 2 2 1 2 2 2 2 2 2
ID_7956 0 2 2 2 2 2 2 NA NA 2 1 2 2 2 2 2 2 2 2 2 2 1 2 2 2 1 2 2 2 1 2 2 2 2 2 2 2 2 2 2 2 2 2 1 1 2 1
ID_7960 0 2 2 1 2 2 2 NA NA 1 2 2 1 2 2 2 2 2 2 2 2 2 2 NA NA 2 2 2 2 2 1 2 2 2 2 1 1 2 2 2 2 2 2 2 2 1 2
ID_7981 0 2 2 1 2 2 2 NA NA 1 1 2 2 2 2 2 2 2 2 2 2 2 2 2 2 2 2 2 2 2 2 2 2 2 2 2 2 2 2 2 1 NA NA 2 2 2 1
ID_8009 0 2 1 2 2 2 2 2 2 2 1 2 2 2 2 2 2 2 2 2 2 2 2 2 1 1 1 2 2 1 2 1 2 2 2 2 2 2 2 2 2 2 2 2 2 2 1
ID_8020 0 2 2 2 2 2 2 NA NA 2 1 2 1 1 2 2 1 2 2 2 2 1 2 2 2 1 1 2 2 2 2 2 2 2 2 2 2 2 2 1 2 NA NA 1 1 2 2
ID_8036 0 2 2 1 1 2 2 NA NA 2 1 2 2 2 2 2 2 2 2 2 2 2 2 2 2 2 2 2 2 2 2 2 1 2 2 2 2 2 2 1 2 2 2 2 2 2 1
ID_8041 0 2 2 2 1 2 2 NA NA 1 2 2 1 2 2 1 2 2 2 2 2 2 2 1 2 2 1 2 2 2 2 2 1 2 2 1 1 2 2 1 2 1 1 2 1 2 2
ID_8077 0 1 2 2 1 2 2 NA NA 2 1 2 2 2 2 NA NA 2 2 2 2 2 2 2 2 2 1 2 2 1 1 2 2 2 2 2 2 2 1 1 2 1 1 2 2 2 2
ID_8081 0 2 1 2 1 2 2 NA NA 2 2 2 2 2 1 2 2 2 1 2 2 2 2 2 2 2 1 2 2 2 2 2 2 2 1 2 2 2 2 2 1 2 2 1 2 NA NA
ID_8094 0 2 1 2 2 2 2 2 2 2 2 1 2 2 2 2 2 2 2 2 2 2 2 NA NA 2 1 2 2 2 2 2 2 2 2 2 2 2 2 1 2 2 2 2 2 2 2
ID_8102 0 2 2 1 2 2 2 1 2 2 2 1 2 2 1 2 2 2 2 2 2 1 2 2 1 2 2 1 2 2 2 2 2 2 2 2 2 2 2 1 2 1 2 2 2 2 2
ID_8103 0 2 2 2 2 2 2 2 2 2 1 2 2 2 2 2 1 2 2 2 2 2 2 NA NA 2 2 2 2 2 2 2 2 2 2 1 2 2 2 2 2 1 2 2 2 2 1
ID_8110 0 2 1 2 1 2 2 2 2 2 2 2 2 2 2 NA NA 2 2 2 2 1 2 2 2 1 1 2 1 2 2 1 2 2 2 2 2 2 2 2 2 2 2 2 1 2 1
ID_8116 0 1 2 2 2 1 2 NA NA 2 2 2 2 2 1 2 2 2 2 2 2 2 2 2 2 2 2 2 2 2 2 2 2 2 2 2 2 2 2 1 2 2 1 2 2 2 2
ID_8120 0 2 2 2 2 2 2 2 2 2 2 2 1 2 1 NA NA 2 2 2 2 1 2 2 2 2 2 1 2 2 2 2 2 2 2 2 1 2 2 1 2 2 2 2 2 2 2
ID_8122 0 2 2 2 2 2 2 NA NA 2 1 2 2 2 1 NA NA 2 2 2 2 1 2 NA NA 2 2 2 2 2 2 2 2 2 2 2 2 2 2 2 2 2 2 2 2 2 2
ID_8128 0 2 2 2 1 2 2 NA NA 2 2 2 2 1 1 2 2 2 2 2 2 2 2 2 2 1 2 2 2 1 2 2 2 2 2 2 2 2 1 2 2 1 1 2 2 2 1
ID_8145 0 2 2 1 2 2 2 NA NA 2 2 1 2 1 1 2 2 2 2 2 2 2 2 2 2 2 2 2 2 2 2 2 2 2 2 2 2 2 2 2 2 1 2 2 1 NA NA
ID_8162 0 2 2 2 1 2 2 NA NA 1 2 2 2 2 2 2 2 2 2 2 2 1 2 2 2 2 1 2 1 2 2 2 2 2 2 2 2 2 2 2 1 2 2 2 1 1 2
ID_8175 0 2 2 1 2 2 2 NA NA 1 1 2 2 2 2 2 2 2 2 2 2 2 2 2 2 2 2 1 2 2 2 1 2 2 2 2 2 2 2 2 1 2 1 2 2 2 2
ID_8184 0 2 2 2 1 2 2 NA NA 2 2 2 2 2 2 2 2 2 2 2 2 2 2 2 2 1 2 2 2 2 2 2 1 2 2 2 2 2 2 2 2 2 2 2 2 NA NA
ID_8192 0 2 2 2 1 2 2 NA NA 2 2 1 2 2 2 NA NA 2 2 2 2 2 1 2 2 2 2 2 2 2 2 1 2 2 2 2 2 2 2 2 2 2 2 2 2 1 2
ID_8194 0 2 2 2 2 2 2 NA NA 1 2 1 2 2 2 2 2 2 2 2 2 2 2 NA NA 2 2 2 2 2 2 2 2 2 2 2 2 2 2 2 2 1 2 2 2 2 2
ID_8212 0 2 2 2 1 2 2 NA NA 2 2 2 1 2 2 2 2 2 2 2 2 2 2 NA NA 2 2 2 2 2 2 2 2 2 2 2 2 1 1 1 2 1 1 1 1 1 2
ID_8215 0 2 2 2 1 2 2 2 2 2 1 1 2 2 1 NA NA 2 2 2 2 2 1 2 2 2 2 2 2 2 2 2 2 2 2 2 1 1 2 1 1 2 2 2 2 2 2
ID_8221 0 2 2 1 2 2 2 NA NA 2 2 2 2 2 2 1 2 2 2 2 2 1 1 2 2 2 2 2 2 2 2 2 2 2 2 2 2 2 2 2 2 2 2 1 2 2 2
ID_8226 0 2 2 2 2 2 2 2 2 2 2 2 2 2 2 2 1 2 2 2 2 2 2 2 2 2 1 1 2 2 2 2 1 2 2 2 2 2 1 2 1 2 2 1 2 1 2
ID_8236 0 2 2 1 1 2 2 NA NA 1 2 2 1 2 2 2 2 2 2 2 2 2 2 1 2 2 1 2 2 2 2 2 1 2 2 2 2 2 2 2 2 2 2 2 1 NA NA
ID_8274 0 2 2 1 2 2 2 NA NA 2 2 2 2 2 2 2 2 2 2 2 2 1 1 2 2 2 2 2 2 2 2 2 2 2 2 2 1 1 2 2 2 2 1 NA NA 2 2
ID_8310 0 2 2 2 2 2 2 NA NA 1 1 2 2 2 2 NA NA 2 2 2 2 2 2 2 2 2 2 2 2 2 2 2 2 2 2 2 1 2 2 2 1 1 2 2 2 2 2
ID_8315 0 2 2 2 1 2 2 NA NA 2 2 1 2 2 2 2 2 2 2 2 2 2 2 2 2 2 2 2 2 2 2 2 2 1 2 2 2 2 2 2 1 NA NA 2 2 2 2
ID_8331 0 1 2 2 2 2 2 2 2 2 2 2 2 2 2 2 2 2 1 2 2 2 2 2 2 2 2 2 2 2 2 2 2 2 2 2 2 2 2 2 1 2 2 2 1 2 1
ID_8342 0 2 2 2 1 2 2 NA NA 1 2 2 2 2 2 2 1 2 2 2 2 2 2 2 2 2 1 2 2 2 2 2 2 2 2 2 2 2 2 1 2 2 2 2 1 2 2
ID_8349 0 2 1 1 2 2 2 NA NA 2 2 2 2 2 2 2 2 2 2 1 2 2 2 1 1 2 2 2 2 2 2 2 2 2 2 2 2 2 2 1 2 2 2 1 1 2 1
ID_8375 0 2 2 2 2 2 2 2 2 2 2 2 2 2 2 1 2 2 1 2 2 2 2 2 2 2 1 2 1 2 2 2 2 2 2 2 2 2 2 2 2 2 2 2 2 2 2
ID_8378 0 2 2 1 2 2 2 NA NA 2 2 1 2 2 2 2 2 2 2 2 2 2 2 2 2 2 2 2 2 1 2 2 2 2 2 2 2 2 2 2 2 2 2 2 1 2 1
ID_8404 0 2 2 2 2 2 2 2 2 2 2 2 2 2 2 2 2 2 2 2 2 2 2 2 2 2 2 2 2 2 2 2 2 2 1 2 2 2 2 2 1 2 1 2 1 1 2
ID_8413 0 1 2 2 2 2 2 2 2 2 2 2 2 2 2 1 2 2 2 2 2 1 2 NA NA 2 2 2 2 2 2 2 2 2 2 1 2 2 2 1 2 1 2 2 2 NA NA
ID_8431 0 1 2 1 2 2 2 2 2 2 2 2 2 2 1 1 1 2 2 2 2 2 2 2 2 2 1 2 2 2 2 2 2 2 2 2 2 2 2 2 2 2 2 2 1 2 2
ID_8447 0 2 2 2 2 2 2 NA NA 1 2 2 2 2 2 2 2 2 2 2 2 2 2 2 2 1 2 2 1 2 2 2 2 2 2 2 2 2 2 1 2 2 1 2 2 1 1
ID_8464 0 1 2 1 1 2 2 NA NA 2 2 2 2 2 2 1 2 2 2 2 2 2 2 1 2 2 2 1 2 2 2 1 1 2 2 2 2 2 2 1 2 2 1 2 1 2 2
ID_8470 0 2 2 2 2 2 2 NA NA 2 2 2 2 2 2 1 1 2 2 2 2 2 2 NA NA 2 2 2 2 2 2 2 1 2 2 2 2 2 2 2 1 2 2 2 2 2 2
ID_8473 0 2 2 1 2 2 2 2 2 2 2 2 1 2 2 2 2 2 1 2 2 1 2 1 2 2 2 2 1 2 2 1 2 2 2 2 2 2 2 1 2 2 2 2 2 2 2
ID_8512 0 2 2 2 1 2 2 2 2 2 2 2 2 2 1 2 2 2 2 2 2 2 2 2 1 2 2 1 2 2 2 2 2 2 2 2 2 2 2 2 1 2 2 1 2 2 2
ID_8520 0 2 2 2 2 2 2 NA NA 2 1 2 2 1 2 2 2 2 2 2 2 2 2 2 2 2 2 2 2 2 2 1 2 2 2 2 2 2 2 2 2 2 2 2 2 2 2
ID_8535 0 2 2 2 2 2 2 NA NA 2 1 2 2 2 2 1 2 2 2 2 2 2 2 2 2 2 2 2 1 1 2 1 2 2 2 2 2 2 2 2 2 1 2 2 2 1 2
ID_8540 0 1 2 2 1 2 2 NA NA 2 2 2 2 1 2 NA NA 2 2 2 2 2 2 2 2 2 1 2 2 2 2 2 2 2 2 2 2 1 1 2 2 2 2 1 2 2 2
ID_8543 0 2 2 1 2 2 2 2 2 2 2 2 2 2 2 2 2 2 2 2 2 2 2 1 2 2 2 2 2 2 2 2 2 2 2 2 2 2 2 2 2 2 2 2 2 2 2
ID_8551 0 2 2 2 1 2 2 2 2 2 2 1 2 2 2 2 2 2 2 2 2 2 2 2 2 2 2 2 2 2 1 2 2 2 2 1 2 2 2 2 2 2 1 2 1 2 1
ID_8555 0 2 1 2 1 2 2 NA NA 2 1 2 2 2 2 NA NA 2 2 2 2 2 2 NA NA 1 2 2 2 2 2 1 2 2 2 2 2 2 2 1 2 2 2 2 2 1 2
ID_8587 0 2 2 2 1 2 2 2 2 2 2 1 2 2 2 2 1 2 2 2 2 2 1 2 1 2 2 1 2 2 1 2 2 2 2 2 2 2 2 1 2 1 1 2 2 2 2
ID_8591 0 2 2 2 2 2 2 NA NA 1 2 2 2 1 2 2 1 2 2 2 2 2 2 2 2 2 2 2 2 2 2 1 2 2 2 2 2 1 2 2 2 NA NA 2 2 2 1
ID_8602 0 2 1 1 2 2 2 2 1 2 2 2 2 2 2 1 2 2 2 2 2 2 1 1 2 2 2 2 2 2 2 2 2 2 2 2 1 2 2 1 1 2 2 1 1 2 2
ID_8615 0 2 2 2 2 2 2 NA NA 1 2 2 1 2 2 2 2 2 2 2 2 2 1 1 2 2 2 2 2 2 2 2 2 2 2 2 2 2 2 2 1 2 1 2 1 2 2
ID_8631 0 1 2 1 2 2 2 NA NA 1 1 1 2 2 2 2 2 2 1 2 2 2 2 1 2 2 2 2 2 2 2 2 2 2 2 2 1 2 2 1 2 2 2 2 2 2 2
ID_8660 0 2 2 2 1 2 2 2 2 2 2 1 2 1 2 2 2 1 2 2 2 1 2 1 1 2 1 2 2 2 2 2 1 2 2 2 2 2 2 2 1 2 1 2 2 2 2
ID_8661 0 2 2 2 2 2 2 NA NA 2 2 2 2 2 2 1 1 2 2 2 2 2 1 2 2 2 2 2 2 2 2 2 2 2 2 2 2 1 2 1 2 2 2 NA NA 2 2
ID_8675 0 2 2 1 1 2 2 2 2 1 2 2 2 1 2 2 2 2 2 2 2 2 2 2 1 2 2 2 2 2 2 2 2 2 2 2 2 2 2 2 1 1 2 1 2 2 2
ID_8683 0 2 2 2 1 2 2 NA NA 1 2 2 2 2 1 2 2 2 1 2 2 2 2 1 2 2 2 2 2 2 2 2 1 1 2 2 2 2 2 1 2 2 2 2 2 2 2
ID_8684 0 2 1 2 2 2 2 NA NA 2 2 2 2 2 1 2 1 2 2 2 2 1 2 1 2 2 1 2 2 2 2 2 2 2 2 2 2 2 2 2 1 2 2 2 2 2 2
ID_8685 0 2 2 1 2 2 2 NA NA 2 2 2 2 2 2 2 2 2 2 2 2 2 2 NA NA 2 2 2 2 2 2 2 2 2 2 2 2 2 2 2 1 2 2 1 2 2 2
ID_8687 0 2 2 2 1 2 2 2 2 2 2 2 2 1 1 2 1 2 2 2 2 2 2 2 1 2 2 2 2 2 2 2 2 2 2 2 2 2 2 2 1 2 2 2 2 NA NA
ID_8708 0 2 2 1 2 2 2 NA NA 1 2 2 1 2 2 2 1 2 2 2 2 2 2 2 2 1 2 2 2 2 2 1 2 2 2 2 2 2 2 2 2 1 1 1 2 2 2
ID_8710 0 2 2 2 1 2 2 NA NA 2 2 2 2 2 2 2 2 2 1 2 2 2 2 1 2 2 2 2 1 2 2 2 2 2 2 2 2 2 2 2 2 NA NA 2 1 2 2
ID_8716 0 1 2 2 2 2 2 2 2 1 2 2 2 2 2 1 1 2 2 2 2 2 2 2 1 2 1 1 2 2 2 2 2 2 2 2 2 2 2 1 2 2 2 1 2 2 2
ID_8739 0 2 1 1 2 2 2 NA NA 2 2 2 2 2 2 2 2 2 2 2 2 2 2 2 2 2 2 2 2 2 2 1 2 2 2 2 1 2 2 1 2 2 2 1 2 NA NA
ID_8741 0 2 2 2 2 2 2 1 2 2 1 2 1 2 2 2 2 2 2 2 2 2 1 1 2 1 2 2 2 2 1 2 2 2 2 2 2 2 2 2 2 2 2 2 2 2 2
ID_8764 0 2 2 1 2 2 2 NA NA 2 2 2 2 2 2 2 2 1 2 2 2 1 1 1 2 2 2 2 1 1 2 2 2 2 2 1 2 2 2 1 2 NA NA 2 2 2 1
ID_8775 0 2 2 1 2 2 2 2 2 1 2 2 2 2 2 2 1 2 2 2 2 1 2 2 1 2 2 2 2 2 1 2 2 2 2 2 2 2 2 2 2 2 1 2 2 2 2
ID_8778 0 1 2 1 1 2 2 2 2 2 1 2 2 2 2 2 2 2 2 2 2 2 2 2 2 2 1 2 2 2 2 2 2 2 2 2 2 2 2 1 2 1 2 1 2 2 2
