ID cc.status snp_1.1 snp_1.2 snp_2.1 snp_2.2 snp_3.1 snp_3.2 snp_4.1 snp_4.2 snp_5.1 snp_5.2 snp_6.1 snp_6.2 snp_7.1 snp_7.2 snp_8.1 snp_8.2 snp_9.1 snp_9.2 snp_10.1 snp_10.2 snp_11.1 snp_11.2 snp_12.1 snp_12.2 snp_13.1 snp_13.2 snp_14.1 snp_14.2 snp_15.1 snp_15.2 snp_16.1 snp_16.2 snp_17.1 snp_17.2 snp_18.1 snp_18.2 snp_19.1 snp_19.2 snp_20.1 snp_20.2 snp_21.1 snp_21.2 snp_22.1 snp_22.2 snp_23.1 snp_23.2 snp_24.1 snp_24.2
ID_8793 0 2 2 2 2 2 2 NA NA 2 1 2 2 2 2 1 2 2 2 2 2 2 2 2 2 2 2 1 2 2 2 1 2 2 2 2 2 2 2 2 1 2 2 1 2 1 2 2 2
ID_8801 0 2 2 1 2 2 2 NA NA 2 2 2 2 2 1 2 2 2 2 2 2 2 2 2 2 2 2 2 2 2 2 1 1 2 2 2 2 2 2 2 2 NA NA 2 2 2 2 2 2
ID_8803 0 2 2 1 1 2 2 2 2 2 2 2 2 2 2 2 2 2 2 2 2 2 2 2 2 2 1 2 2 2 2 2 1 2 2 2 2 2 2 2 2 2 2 2 2 2 2 2 2
ID_8829 0 1 2 1 2 2 2 NA NA 1 2 2 2 2 2 1 2 2 2 2 2 2 2 1 2 2 2 2 2 2 2 2 2 2 2 2 2 2 1 1 2 2 2 2 2 2 2 2 2
ID_8867 0 2 2 2 2 2 2 2 2 1 2 2 2 2 2 2 2 2 2 2 2 1 2 2 2 1 2 2 2 2 2 1 1 2 1 2 2 2 2 2 2 2 2 1 2 2 2 2 2
ID_8870 0 2 2 2 2 2 2 NA NA 1 2 2 2 2 2 1 2 2 2 2 2 2 2 2 2 2 2 1 2 1 2 1 1 2 2 2 1 2 2 1 2 2 2 NA NA 2 1 2 1
ID_8877 0 2 2 2 2 2 2 2 2 1 1 2 2 2 2 2 2 2 2 2 2 2 2 2 2 1 2 1 2 2 2 2 2 2 2 2 2 1 2 2 2 NA NA 2 2 2 2 2 2
ID_8887 0 1 2 2 1 2 2 NA NA 2 2 1 2 2 2 NA NA 2 2 2 2 2 2 2 1 2 1 2 2 2 2 2 2 2 2 1 2 2 2 2 2 2 1 2 2 1 2 2 2
ID_8892 0 2 2 2 2 2 2 NA NA 2 1 2 2 2 2 NA NA 2 2 2 2 1 2 2 2 2 1 2 2 1 2 2 2 2 2 2 2 2 2 2 2 NA NA 1 2 1 2 2 2
ID_8914 0 2 2 2 2 2 2 NA NA 1 2 2 2 2 2 2 2 2 2 2 2 1 2 1 2 2 2 2 2 2 2 2 2 1 2 2 2 2 2 2 2 2 2 2 2 2 2 2 2
ID_8920 0 2 2 1 1 2 2 2 2 1 2 2 2 2 2 2 2 2 2 2 2 2 2 2 2 1 1 2 2 2 2 2 2 2 2 2 2 2 2 2 1 2 2 2 2 2 2 2 2
ID_8945 0 1 2 2 2 2 2 2 2 2 2 2 2 2 2 NA NA 2 2 2 2 2 2 2 2 2 2 2 2 2 2 2 2 2 2 2 2 2 2 2 2 2 2 2 2 1 1 2 2
ID_8947 0 2 2 2 2 2 2 2 2 2 1 1 2 2 2 1 1 2 2 2 2 2 2 2 2 2 2 2 2 2 2 2 2 2 2 2 2 2 2 2 2 1 2 2 2 2 2 2 2
ID_8951 0 2 2 2 1 2 2 2 2 2 2 2 2 2 2 2 2 2 2 2 2 2 2 NA NA 2 2 1 2 2 2 2 1 2 2 2 2 2 2 2 1 2 2 2 2 NA NA 2 2
ID_8972 0 2 2 2 1 2 2 2 2 1 2 2 2 2 2 2 2 2 2 2 2 2 2 1 1 2 2 2 2 2 2 2 2 2 2 2 2 2 2 2 2 2 1 2 2 NA NA 2 2
ID_8981 0 2 2 2 2 2 2 1 2 2 2 2 2 2 2 2 2 2 2 2 2 2 2 2 2 2 2 1 2 2 2 2 2 2 2 2 2 2 2 2 2 2 1 NA NA 2 2 2 2
ID_8992 0 2 2 2 1 2 2 NA NA 2 1 2 1 2 2 2 2 2 2 2 2 1 2 2 2 1 2 1 2 2 2 1 2 2 2 2 2 2 2 2 1 1 2 2 2 1 2 2 1
ID_9000 0 2 2 2 2 1 2 NA NA 2 2 2 2 2 1 2 2 2 2 2 2 2 1 2 2 2 2 2 2 2 2 1 2 2 2 2 2 2 2 2 2 2 2 2 2 2 2 2 2
ID_9017 0 2 2 2 2 2 1 2 2 2 1 2 2 1 2 NA NA 2 2 2 2 1 1 2 1 2 2 2 2 2 1 1 2 2 2 1 2 1 2 1 2 1 1 2 2 NA NA 2 1
ID_9019 0 2 2 2 2 2 2 NA NA 1 2 2 2 1 2 1 2 2 2 2 2 1 2 2 2 2 1 2 2 1 2 1 2 2 2 2 2 2 2 2 2 2 2 2 2 1 2 2 2
ID_9026 0 2 2 1 1 2 2 NA NA 1 2 2 2 2 1 2 2 2 2 2 2 2 2 1 2 2 2 2 2 2 2 2 2 2 2 2 2 2 2 2 2 2 1 2 2 2 1 2 2
ID_9035 0 2 2 1 1 2 2 NA NA 2 1 2 1 2 2 2 2 1 2 2 2 2 2 2 2 2 2 2 2 2 2 1 1 2 2 2 2 2 2 2 2 NA NA 1 2 2 2 2 2
ID_9040 0 2 2 1 1 2 2 2 2 2 2 2 2 2 2 2 2 2 2 2 2 2 2 2 2 1 2 2 2 2 2 1 1 2 2 2 2 2 2 2 1 2 1 2 2 1 1 2 2
ID_9047 0 2 2 1 1 2 2 NA NA 2 2 2 2 2 2 2 2 2 2 2 2 2 2 2 2 2 2 2 2 1 2 1 2 2 2 1 2 2 2 2 2 NA NA 2 2 2 2 2 2
ID_9074 0 2 2 2 2 2 2 NA NA 2 2 1 2 2 2 1 2 2 2 2 2 2 2 2 2 2 2 2 2 2 2 2 2 2 2 2 2 1 2 1 2 2 2 NA NA 2 1 2 2
ID_9087 0 2 2 2 2 2 2 NA NA 1 2 2 2 2 2 2 2 2 2 2 2 1 2 2 1 2 2 1 2 2 2 1 2 2 2 2 1 2 2 2 1 2 2 2 2 2 2 2 2
ID_9090 0 2 2 1 1 2 2 NA NA 2 2 2 1 2 2 2 2 2 2 2 2 2 1 NA NA 2 2 2 2 1 2 2 2 2 2 2 2 2 2 2 2 2 2 NA NA 2 2 2 2
ID_9103 0 2 2 2 2 2 2 NA NA 2 2 2 2 2 2 2 2 2 2 2 2 2 2 2 2 2 2 2 1 2 2 2 2 2 2 2 2 2 1 1 1 2 2 2 2 NA NA 2 2
ID_9121 0 2 2 2 1 2 2 NA NA 2 2 2 2 1 2 1 2 2 2 2 2 2 1 NA NA 2 2 2 2 2 2 2 2 2 2 2 2 2 2 2 2 NA NA 1 2 2 2 2 2
ID_9127 0 2 2 2 2 2 2 NA NA 2 2 2 2 2 2 2 2 2 2 2 2 2 2 NA NA 2 2 2 2 2 2 1 2 2 2 2 2 2 2 2 2 2 2 2 2 2 2 2 2
ID_9132 0 2 2 1 1 2 2 NA NA 1 1 2 2 2 2 2 2 2 2 2 2 2 2 2 2 2 1 2 2 2 2 2 2 2 2 2 2 2 2 2 1 2 2 1 2 2 2 2 1
ID_9134 0 2 2 2 2 2 2 2 2 2 2 2 2 2 2 2 2 2 2 2 2 2 1 2 1 2 2 2 2 2 2 2 1 2 1 2 1 2 2 1 2 NA NA 2 2 1 2 2 2
ID_9136 0 2 2 2 1 2 2 2 2 2 2 2 1 1 2 NA NA 2 1 2 2 1 2 2 2 2 2 2 2 2 2 2 2 2 2 2 2 1 2 1 2 2 2 2 2 2 2 2 2
ID_9156 0 2 2 1 2 2 2 NA NA 2 2 1 1 1 2 1 2 2 2 2 2 2 2 2 2 2 2 2 2 2 2 2 2 2 2 2 2 2 2 1 2 NA NA 2 2 2 2 2 2
ID_9166 0 2 2 1 1 2 2 NA NA 2 2 2 2 2 2 2 2 2 2 2 2 2 2 1 2 2 2 2 2 2 2 1 2 2 2 2 2 1 2 2 1 2 2 1 2 2 1 2 2
ID_9183 0 2 2 1 2 2 2 NA NA 1 1 1 2 2 2 2 2 2 2 2 2 2 2 2 2 2 2 2 2 2 2 2 2 1 2 2 2 2 2 2 2 2 1 2 2 1 2 2 2
ID_9187 0 2 2 1 1 2 2 2 2 2 2 2 2 2 1 NA NA 2 2 2 2 1 1 2 2 2 2 2 2 2 1 2 2 2 2 2 2 2 2 2 2 2 2 2 1 2 2 2 2
ID_9189 0 2 1 1 1 2 2 2 2 1 2 1 2 2 2 2 2 2 2 2 2 2 2 2 1 1 2 2 2 2 2 2 2 2 2 2 2 2 2 1 2 2 2 2 2 2 2 2 2
ID_9207 0 2 2 1 2 2 2 NA NA 2 2 2 2 2 2 2 1 2 2 2 2 2 2 2 1 1 2 2 2 2 2 2 2 2 2 2 2 1 2 2 2 2 2 NA NA 2 2 1 2
ID_9222 0 2 2 2 2 2 2 NA NA 2 2 1 2 2 2 2 2 2 2 2 2 1 2 1 2 1 2 2 2 1 2 2 2 2 2 2 2 2 2 2 1 1 2 2 2 1 2 2 2
ID_9227 0 1 2 1 1 2 2 2 2 2 1 1 1 2 2 1 2 2 2 2 2 1 2 1 2 2 2 2 2 2 2 2 2 2 2 2 1 2 2 2 1 NA NA 2 2 2 1 2 2
ID_9235 0 2 2 2 2 2 2 NA NA 2 1 2 2 2 1 2 2 2 2 2 2 2 2 2 2 2 2 2 2 2 2 2 2 2 2 2 2 2 2 1 1 NA NA 2 2 2 1 2 1
ID_9251 0 2 2 1 2 2 2 NA NA 1 2 2 2 2 2 2 2 2 2 2 2 2 2 2 2 2 2 1 2 1 2 2 2 2 2 2 1 2 2 2 2 1 2 2 2 2 2 2 2
ID_9268 0 2 2 2 2 2 1 NA NA 2 2 2 2 2 2 2 2 2 2 2 2 2 2 2 1 2 2 2 2 2 2 2 2 2 2 2 2 2 2 1 2 NA NA NA NA 2 2 2 2
ID_9283 0 2 2 1 1 2 2 2 2 2 1 2 1 2 2 2 2 2 2 2 2 2 2 2 2 1 2 2 2 2 2 2 2 2 2 2 2 2 2 2 2 1 1 2 2 1 2 2 2
ID_9297 0 2 2 2 2 2 2 2 2 2 1 1 2 2 1 2 2 2 1 2 2 2 2 2 2 2 2 2 2 2 2 2 2 2 2 2 2 2 2 2 2 2 2 NA NA 2 2 2 2
ID_9309 0 2 2 1 1 2 2 2 2 1 2 2 1 2 2 2 1 2 2 2 2 2 2 1 2 2 2 2 2 2 2 2 2 2 2 2 2 2 2 2 2 2 1 2 1 2 2 2 2
ID_9329 0 2 2 2 2 2 2 NA NA 2 2 2 2 2 2 1 2 2 2 2 2 2 2 2 2 2 2 1 2 2 2 2 2 1 2 2 2 2 2 1 2 1 2 2 2 1 2 2 2
ID_9333 0 2 2 2 1 2 2 NA NA 2 2 2 2 2 2 1 1 2 2 2 2 1 2 2 2 2 2 2 2 2 2 2 2 2 2 2 2 2 2 2 1 2 1 2 2 2 2 2 2
ID_9340 0 2 2 2 1 2 2 NA NA 1 1 2 2 2 2 1 1 2 2 2 2 2 2 2 2 1 2 2 2 2 2 2 2 2 2 2 2 2 2 2 2 2 2 2 1 2 2 2 2
ID_9375 0 2 2 1 1 1 2 2 2 1 1 1 1 2 2 2 2 2 2 2 2 2 2 2 2 2 2 1 2 1 1 2 2 1 2 2 2 2 2 1 2 2 2 1 1 2 2 2 2
ID_9404 0 2 2 1 2 2 2 NA NA 2 2 2 2 1 1 1 2 2 2 2 2 1 1 2 2 2 2 2 2 2 1 2 2 2 2 2 2 2 2 2 1 2 2 2 2 2 2 2 2
ID_9437 0 2 2 2 1 1 2 NA NA 1 1 2 2 2 2 NA NA 2 2 2 2 2 2 2 2 2 2 2 2 2 2 2 2 2 2 2 2 2 2 2 1 2 2 2 2 1 1 2 2
ID_9441 0 2 2 2 1 2 2 NA NA 2 2 2 2 1 2 2 2 2 2 2 2 2 1 1 2 2 2 2 2 2 2 2 2 2 2 2 1 1 2 2 1 NA NA 1 2 2 2 2 2
ID_9449 0 1 2 1 2 2 2 2 2 2 2 2 2 2 2 2 2 2 2 2 2 1 2 2 1 2 1 2 2 2 2 1 2 2 2 2 2 2 2 2 1 2 1 2 2 1 2 2 2
ID_9480 0 2 1 1 2 2 2 NA NA 2 2 2 2 2 2 1 1 2 2 2 2 1 1 2 2 2 2 1 2 2 2 2 2 1 2 2 2 2 2 2 2 NA NA 2 1 2 1 2 1
ID_9485 0 2 2 2 2 2 2 NA NA 2 1 1 2 2 2 2 2 2 2 2 2 2 2 2 2 2 2 2 2 2 2 2 1 2 2 2 2 2 2 2 2 2 2 2 2 NA NA 2 2
ID_9486 0 2 2 1 2 2 2 2 2 2 2 2 1 2 2 NA NA 2 2 2 2 2 2 1 2 2 2 2 2 2 2 2 2 2 2 2 2 1 2 2 1 NA NA 2 2 2 2 2 2
ID_9488 0 2 2 1 2 2 2 NA NA 2 2 2 2 2 2 2 2 2 2 2 2 2 2 1 2 2 1 1 2 2 2 2 2 2 2 2 2 1 2 1 2 2 2 1 2 2 2 2 2
ID_9511 0 2 2 1 2 2 2 2 2 2 2 1 2 1 2 2 2 2 2 2 2 2 2 NA NA 2 2 1 2 2 2 2 1 2 2 2 2 2 2 1 2 1 2 1 1 NA NA 2 2
ID_9519 0 2 2 2 1 2 2 NA NA 1 2 2 2 2 2 1 1 2 2 2 2 2 2 2 2 2 2 2 2 2 2 2 2 2 2 1 2 2 2 2 1 1 2 NA NA 2 2 2 2
ID_9548 0 2 2 1 1 2 2 2 2 2 2 2 2 2 2 2 2 2 2 2 1 2 2 2 1 2 2 2 2 1 2 2 2 2 2 2 1 2 2 1 2 2 1 2 2 2 2 2 2
ID_9551 0 2 2 1 2 2 2 NA NA 2 1 2 2 2 2 2 2 2 2 2 2 2 1 2 2 1 2 2 2 2 1 2 2 2 2 2 2 2 1 1 1 NA NA 2 1 NA NA 2 2
ID_9557 0 2 2 2 2 2 2 2 1 2 1 2 1 2 1 2 1 2 2 2 2 2 2 2 2 2 2 2 2 2 2 2 2 2 2 2 2 1 2 1 2 2 1 2 2 2 2 2 2
ID_9565 0 2 2 1 2 2 2 2 2 1 2 2 2 2 1 2 2 2 2 2 2 2 1 NA NA 2 2 2 2 2 2 2 2 2 2 2 1 2 2 1 2 2 2 2 2 2 1 2 2
ID_9572 0 2 2 2 1 2 2 2 2 2 1 1 2 2 2 1 2 2 2 2 2 2 2 1 2 1 2 2 2 2 2 2 1 2 2 2 2 2 2 1 2 NA NA 1 2 1 2 1 2
ID_9587 0 2 2 2 2 2 2 2 2 1 2 2 2 2 2 2 2 2 2 2 2 2 2 1 2 1 1 2 2 2 2 2 1 2 2 2 2 2 2 1 2 2 2 2 2 1 2 2 1
ID_9601 0 2 2 2 2 2 2 NA NA 2 2 1 2 1 2 1 1 2 2 2 2 2 2 2 2 1 2 2 2 2 2 2 2 2 2 2 2 2 2 2 2 2 2 2 2 2 2 2 2
ID_9608 0 2 2 2 2 2 2 NA NA 2 2 2 2 2 1 2 2 2 2 2 2 2 1 2 2 1 2 2 2 1 2 2 2 2 2 1 2 2 2 2 2 2 2 2 2 2 2 2 2
ID_9614 0 2 2 1 1 2 2 2 2 2 2 2 2 2 2 2 2 2 2 2 2 2 1 2 2 2 2 2 2 2 1 2 2 2 2 2 2 2 2 2 1 2 1 2 2 2 2 2 2
ID_9667 0 2 2 1 1 2 2 NA NA 1 2 2 2 2 2 2 2 2 2 2 2 2 2 2 2 2 2 1 2 2 2 2 2 2 2 2 2 2 2 2 2 2 2 2 2 NA NA 2 2
ID_9674 0 2 2 1 2 2 2 NA NA 1 2 2 2 2 2 1 2 2 2 2 2 2 2 1 2 2 2 2 2 2 2 2 2 2 2 2 2 2 2 2 2 1 2 2 2 NA NA 2 2
ID_9684 0 2 2 2 1 2 2 NA NA 2 2 2 2 1 2 NA NA 2 2 2 2 1 2 2 1 2 2 1 2 2 2 2 1 2 2 2 2 2 2 1 2 2 2 2 2 2 2 2 2
ID_9688 0 2 2 2 2 2 2 NA NA 2 2 2 2 2 2 2 2 2 2 2 2 2 1 NA NA 2 2 2 2 2 2 1 2 2 2 2 2 2 1 2 2 2 1 2 2 1 2 2 2
ID_9695 0 2 2 1 2 2 2 NA NA 2 2 2 2 2 2 2 2 2 2 2 2 2 1 2 2 1 2 2 2 2 2 1 2 2 2 2 1 2 2 1 2 2 2 2 2 2 2 2 2
ID_9697 0 2 2 1 1 2 2 2 2 2 2 2 2 2 2 NA NA 2 2 2 2 2 2 2 2 2 1 2 2 2 2 2 1 2 2 2 2 2 2 2 2 2 2 2 1 2 2 2 2
ID_9703 0 2 2 2 2 2 2 2 2 2 2 2 2 2 1 2 2 2 2 2 2 2 2 2 2 2 2 2 2 2 2 2 2 2 2 2 2 2 2 1 2 1 2 NA NA 2 2 2 2
ID_9715 0 2 2 1 2 2 2 2 2 2 1 2 2 2 2 2 1 2 2 2 2 1 1 2 2 1 2 2 2 2 2 1 2 2 2 2 2 2 2 1 2 2 1 1 2 NA NA 2 2
ID_9768 0 2 2 1 1 2 2 NA NA 1 2 2 2 2 1 2 2 2 2 2 2 2 2 2 2 2 1 2 2 2 2 2 2 2 1 2 2 2 2 1 2 1 2 2 2 2 2 2 2
ID_9782 0 2 2 1 2 2 2 NA NA 2 1 1 2 1 2 1 2 2 1 2 2 2 2 2 1 2 2 2 2 2 2 2 2 2 2 2 2 2 2 1 1 2 2 2 2 2 2 2 2
ID_9791 0 2 2 2 2 2 2 NA NA 2 2 1 2 2 2 2 2 2 2 2 2 1 2 2 2 2 2 2 2 2 2 1 2 2 2 2 2 2 2 1 2 2 2 2 1 2 2 2 2
ID_9800 0 2 2 2 1 2 2 NA NA 1 2 2 2 2 2 2 2 2 2 2 2 2 2 2 2 1 2 2 2 2 2 2 1 2 2 2 2 2 2 2 1 2 2 2 2 1 2 2 2
ID_9801 0 2 2 1 1 2 2 NA NA 1 1 2 1 2 2 2 2 2 2 2 2 1 1 2 2 2 2 2 2 2 2 1 2 1 2 2 2 2 2 2 1 2 2 NA NA 2 1 2 2
ID_9810 0 2 2 2 1 2 2 NA NA 1 2 1 2 2 2 NA NA 2 2 2 2 2 1 2 2 2 2 2 2 1 2 2 2 1 2 2 2 2 2 1 1 1 2 2 1 2 2 2 2
ID_9811 0 2 1 2 2 2 2 2 2 2 2 2 2 2 2 1 2 2 2 2 2 2 1 2 2 2 2 2 2 2 2 1 2 2 2 2 2 2 2 2 2 1 2 2 1 2 2 2 1
ID_9817 0 2 2 2 1 2 2 2 2 2 2 2 1 2 2 2 2 2 2 2 2 2 2 2 2 2 1 2 2 2 2 2 2 2 2 2 2 1 1 2 2 2 2 2 2 2 2 1 2
ID_9827 0 2 2 1 2 2 2 2 2 1 2 2 2 2 1 2 1 2 2 2 2 2 2 2 2 2 1 2 2 2 2 2 2 2 2 2 2 2 2 1 2 2 2 2 1 NA NA 2 2
ID_9843 0 2 2 1 1 2 1 NA NA 2 2 2 2 2 1 2 2 2 2 2 2 1 2 2 2 2 2 1 2 2 2 2 2 2 2 2 2 2 1 1 2 1 2 NA NA 1 1 2 2
ID_9853 0 2 2 1 2 2 2 NA NA 2 2 1 2 2 2 1 2 2 2 2 2 2 1 2 2 1 2 1 2 2 2 2 2 2 2 2 2 2 2 2 2 1 2 2 2 2 2 2 2
ID_9858 0 2 1 2 2 2 2 2 2 1 2 2 2 2 2 2 2 2 2 2 2 2 2 2 1 1 2 2 2 2 1 2 2 2 2 2 2 1 2 2 2 2 2 2 1 2 1 2 2
ID_9876 0 2 2 2 1 2 2 NA NA 2 1 2 2 2 2 2 2 2 2 2 2 2 2 NA NA 2 2 2 2 2 2 1 2 2 2 2 2 1 1 1 2 2 2 2 2 2 2 2 2
ID_9885 0 2 2 1 1 2 2 2 2 2 1 2 2 2 2 2 2 2 2 2 2 2 1 2 2 1 1 2 2 2 2 2 2 2 2 2 1 2 1 2 2 1 2 2 2 1 2 2 2
ID_9896 0 2 2 1 2 2 2 2 2 2 2 1 2 2 2 2 2 2 2 2 2 2 2 2 2 2 2 2 2 2 2 2 2 2 2 1 2 2 2 2 2 2 2 2 2 2 1 2 2
ID_9907 0 2 1 2 2 2 2 NA NA 2 2 1 2 2 2 1 2 2 2 2 2 2 2 2 2 2 1 2 1 2 2 2 2 1 2 2 1 2 2 2 1 2 2 2 2 2 1 2 2
ID_9919 0 1 2 2 1 2 2 2 2 2 2 2 2 2 2 2 2 2 2 2 2 2 2 2 2 2 2 2 2 2 2 2 2 2 2 2 2 2 2 1 2 2 2 2 2 1 2 2 2
ID_9927 0 2 2 2 2 2 2 NA NA 1 2 2 2 1 2 2 2 2 2 2 2 2 2 2 2 2 2 2 2 2 2 2 1 2 2 1 2 2 1 2 2 2 2 2 2 2 2 2 2
ID_9952 0 2 1 2 2 2 2 NA NA 2 2 2 2 2 1 2 2 2 2 2 2 2 2 2 2 1 2 2 2 2 2 2 2 2 2 2 2 2 2 1 2 2 2 1 2 2 1 2 2
ID_9982 0 2 2 2 2 2 2 NA NA 1 2 2 1 2 2 1 2 2 2 2 2 2 2 2 2 2 2 2 2 2 2 1 2 2 2 2 2 2 2 1 2 2 1 1 1 NA NA 2 2
ID_9988 0 2 2 2 1 2 2 NA NA 2 2 2 2 2 1 2 2 2 2 2 2 2 1 2 2 2 2 2 2 2 2 2 2 1 2 1 2 2 2 2 2 2 2 2 1 2 2 2 2
ID_9995 0 2 2 1 1 2 2 NA NA 2 2 2 2 2 1 1 2 2 2 2 2 2 2 NA NA 2 2 2 2 1 2 2 2 2 2 2 2 2 2 2 2 1 2 1 2 2 2 2 2
